Year		Latitude	Strength	NAO_index
1861.00000	40.76130	5.94804	37.86552
1862.00000	40.24039	5.27601	42.46901
1863.00000	46.11914	5.72352	53.40627
1864.00000	41.13338	5.24030	52.68953
1865.00000	38.30561	5.74614	42.44586
1866.00000	44.18437	5.27784	51.43333
1867.00000	43.44022	6.42713	43.59838
1868.00000	45.70983	5.87920	53.29664
1869.00000	43.84950	6.59798	53.98099
1870.00000	39.79391	5.89199	33.66083
1871.00000	40.50085	5.53999	39.07503
1872.00000	42.39843	5.87778	53.01740
1873.00000	42.06355	6.37284	49.99549
1874.00000	46.56555	5.36649	54.93385
1875.00000	41.24500	5.59249	43.84013
1876.00000	41.95194	5.85697	43.85008
1877.00000	44.85410	5.70756	45.61828
1878.00000	39.23579	5.06967	47.25901
1879.00000	40.61247	5.91565	35.78680
1880.00000	46.67724	5.67140	45.87490
1881.00000	37.33822	6.29299	27.37948
1882.00000	49.13285	6.07023	54.90755
1883.00000	47.34688	5.93571	50.50919
1884.00000	42.95652	5.59432	50.89870
1885.00000	40.87291	5.53108	42.64836
1886.00000	44.77964	5.33387	44.75799
1887.00000	48.98398	5.19630	48.45914
1888.00000	37.44983	4.74145	32.92865
1889.00000	42.06356	5.41182	52.65909
1890.00000	44.85410	5.85250	53.70412
1891.00000	37.04056	4.80139	45.40123
1892.00000	39.08696	5.59606	46.46206
1893.00000	37.74750	5.40178	38.27469
1894.00000	48.53754	5.65564	58.07073
1895.00000	38.41722	5.59309	29.95388
1896.00000	50.39728	5.32703	45.04005
1897.00000	40.72409	6.11077	47.52581
1898.00000	47.60738	5.63614	54.12604
1899.00000	43.73784	6.67469	43.79406
1900.00000	41.17058	5.59463	41.21245
1901.00000	41.28219	6.12179	40.63271
1902.00000	39.16137	5.97084	38.98497
1903.00000	44.81686	5.26966	55.35750
1904.00000	39.60788	6.45063	54.19281
1905.00000	46.08181	5.27431	49.42898
1906.00000	39.16138	5.21282	55.84109
1907.00000	37.82192	4.45109	55.37081
1908.00000	42.36122	6.67737	54.65805
1909.00000	40.79851	6.50283	51.44151
1910.00000	41.91472	6.37587	56.10773
1911.00000	48.31426	5.10928	49.39229
1912.00000	37.97075	6.93814	40.56425
1913.00000	40.72409	6.95420	53.70162
1914.00000	38.23119	6.20027	50.56227
1915.00000	41.28220	6.41191	53.14409
1916.00000	46.60279	5.69542	53.82078
1917.00000	36.74290	6.16236	37.05667
1918.00000	38.19397	6.07716	37.93203
1919.00000	40.09157	7.13540	35.30292
1920.00000	50.09954	5.30514	61.48148
1921.00000	40.68687	6.60541	45.65662
1922.00000	46.49118	5.78244	58.97133
1923.00000	43.55177	6.11625	54.87578
1924.00000	40.79850	6.58380	47.21148
1925.00000	42.21239	5.91546	60.91078
1926.00000	36.70569	7.30707	42.80784
1927.00000	41.65426	6.30363	50.71430
1928.00000	43.10536	6.63609	52.11547
1929.00000	37.74750	6.03598	37.33500
1930.00000	40.24039	5.93397	54.66596
1931.00000	40.31481	6.20545	53.39268
1932.00000	55.60634	5.68237	38.75607
1933.00000	42.02634	5.73855	47.20998
1934.00000	35.14297	5.96428	51.36961
1935.00000	47.19801	6.19368	51.05669
1936.00000	36.25920	7.49026	31.11950
1937.00000	43.47743	5.80821	53.99966
1938.00000	37.04056	5.47032	46.35838
1939.00000	41.54265	6.67812	49.10752
1940.00000	34.39882	7.37903	33.46099
1941.00000	36.48244	7.03366	37.71815
1942.00000	36.14758	6.16068	43.24008
1943.00000	40.76130	5.63041	54.34406
1944.00000	41.95191	5.38518	51.90185
1945.00000	39.31021	5.42113	50.51659
1946.00000	42.62166	7.12690	45.85943
1947.00000	39.16137	5.78545	38.34687
1948.00000	39.83112	6.05159	43.34537
1949.00000	50.80716	6.34398	55.75010
1950.00000	41.31941	5.58320	52.32682
1951.00000	42.06356	5.36123	49.70338
1952.00000	46.00745	6.27011	53.55956
1953.00000	38.30561	6.13977	44.69984
1954.00000	39.08696	5.69856	53.85951
1955.00000	41.69148	5.76345	40.39393
1956.00000	38.38001	4.95382	38.35932
1957.00000	45.11444	5.64760	52.42169
1958.00000	38.11955	6.70317	43.53625
1959.00000	50.24842	6.16847	41.85823
1960.00000	39.19859	6.95807	39.02255
1961.00000	40.05435	6.40296	56.03138
1962.00000	43.03085	5.65854	45.39406
1963.00000	34.06395	6.31149	28.08893
1964.00000	39.94273	6.09550	33.92315
1965.00000	43.14248	5.02796	36.29716
1966.00000	42.77049	7.23629	33.50380
1967.00000	42.32401	6.15676	49.54987
1968.00000	37.52423	5.19819	40.75352
1969.00000	37.22658	4.74610	27.86370
1970.00000	38.26840	6.51426	44.81018
1971.00000	37.44984	5.08519	42.96383
1972.00000	42.88211	5.89085	50.16885
1973.00000	42.73328	5.46726	57.63552
1974.00000	42.02634	5.81700	55.90380
1975.00000	40.35202	6.19185	53.11732
1976.00000	49.24447	5.90117	51.23711
1977.00000	37.44984	7.17581	34.41346
1978.00000	34.36161	6.66005	40.19940
1979.00000	39.75669	6.55949	32.50187
1980.00000	37.11495	6.13007	46.84732
1981.00000	34.32441	5.20912	54.60930
1982.00000	42.95653	5.64663	43.38073
1983.00000	42.28677	6.72956	55.39521
1984.00000	38.41723	5.23795	58.30919
1985.00000	42.73319	5.86127	39.08885
1986.00000	39.12417	6.82090	40.60302
1987.00000	39.08696	6.82210	41.88615
1988.00000	42.99374	6.63601	44.69857
1989.00000	49.76537	6.54182	63.75549
1990.00000	43.77507	7.49253	56.86526
1991.00000	42.06355	5.60791	53.27560
1992.00000	38.34280	5.82726	51.34287
1993.00000	49.05832	5.88100	56.40487
1994.00000	42.02635	6.57782	54.14690
1995.00000	40.01714	6.11187	60.25096
1996.00000	37.07777	5.83230	37.63172
1997.00000	39.12416	6.10412	42.84495
1998.00000	37.93352	6.26890	46.01412
1999.00000	44.66807	6.58844	59.55625
2000.00000	48.05385	5.78734	59.69617
2001.00000	41.65428	6.91388	40.55685
2002.00000	43.06815	6.35984	45.15370
2003.00000	36.33362	6.36585	46.62112
2004.00000	39.83111	6.15846	41.24609
2005.00000	38.15676	4.83023	53.89797
2006.00000	41.05895	5.79943	45.91865
2007.00000	43.36579	6.97465	51.81924
2008.00000	44.25879	5.94105	53.56320
2009.00000	41.39383	5.45859	49.06987
2010.00000	34.17558	7.25321	24.03820
2011.00000	39.42181	5.34559	38.53766
2012.00000	43.32854	5.68769	60.23643
2013.00000	41.65428	6.27749	46.54565
2014.00000	45.00293	6.60754	60.29810
