Year		Latitude	Strength	NAO_index
1851.00000	41.54264	11.58310	66.00685
1852.00000	53.11398	10.33417	55.99883
1853.00000	48.83511	10.30635	55.86013
1854.00000	46.93758	7.26894	48.09294
1855.00000	38.04516	10.57920	66.57820
1856.00000	42.47284	12.09045	58.23719
1857.00000	42.02633	11.73831	55.55336
1858.00000	40.94733	11.91644	57.42859
1859.00000	45.33779	9.37498	58.64698
1860.00000	57.53862	11.05675	58.34120
1861.00000	47.68177	9.22549	59.15323
1862.00000	41.65412	6.43140	66.14151
1863.00000	51.51408	13.12265	61.24995
1864.00000	50.17466	11.59778	63.67224
1865.00000	45.15175	10.94232	54.27289
1866.00000	46.30512	7.00472	47.97068
1867.00000	43.40295	9.08044	54.76919
1868.00000	39.64508	7.21595	57.73615
1869.00000	42.02635	10.18595	49.46787
1870.00000	53.66740	9.03448	44.84523
1871.00000	37.00335	12.77133	58.13042
1872.00000	51.99774	7.67228	66.89987
1873.00000	50.95601	11.02530	49.94120
1874.00000	42.73329	11.83762	49.08711
1875.00000	41.35662	12.36538	66.62987
1876.00000	50.13746	11.14611	64.85076
1877.00000	45.44936	12.08273	58.64565
1878.00000	45.33774	10.17080	42.09529
1879.00000	36.48244	9.20589	53.39380
1880.00000	37.56146	9.86883	54.86010
1881.00000	40.31481	12.85984	53.79732
1882.00000	44.33320	11.07056	63.98013
1883.00000	42.58443	12.24235	51.56323
1884.00000	37.11497	11.81381	66.12875
1885.00000	46.08185	11.69343	60.57490
1886.00000	47.23523	6.50779	62.33607
1887.00000	48.31434	11.42697	60.62789
1888.00000	44.96572	11.31761	56.92578
1889.00000	43.84946	7.57535	72.31537
1890.00000	48.94684	10.80608	49.90656
1891.00000	56.98037	6.87848	77.87430
1892.00000	49.05843	13.35988	59.24495
1893.00000	44.81684	10.30379	59.05701
1894.00000	43.73784	10.17610	68.79331
1895.00000	49.20729	11.59039	56.06453
1896.00000	41.28219	7.63737	65.43279
1897.00000	49.98860	10.57733	60.43612
1898.00000	47.12369	11.98500	52.92526
1899.00000	46.15628	8.31286	53.05461
1900.00000	40.87291	8.19134	56.13906
1901.00000	47.94226	11.34214	64.24227
1902.00000	47.45857	11.45134	59.79542
1903.00000	44.92849	13.71055	55.14193
1904.00000	45.18893	9.41814	45.63818
1905.00000	48.23981	8.27911	59.42242
1906.00000	37.07777	9.35903	38.08693
1907.00000	38.78931	11.75321	58.82245
1908.00000	44.25878	8.65741	66.25055
1909.00000	52.03496	12.49062	54.23987
1910.00000	42.13797	12.82185	65.92482
1911.00000	48.35148	8.83412	50.65495
1912.00000	39.49624	8.42227	41.73443
1913.00000	35.70108	11.27468	73.49713
1914.00000	46.90048	12.83766	54.69943
1915.00000	46.90045	9.94754	61.04677
1916.00000	44.96571	13.13591	49.60125
1917.00000	39.68228	8.10565	60.66562
1918.00000	46.52841	9.91227	61.52078
1919.00000	50.54667	10.07653	65.31573
1920.00000	46.08187	9.58212	66.55213
1921.00000	56.23928	8.97544	65.17312
1922.00000	56.31369	9.82182	55.12758
1923.00000	55.23469	8.30528	52.63591
1924.00000	60.21731	9.08982	52.67909
1925.00000	40.20318	8.23301	61.94292
1926.00000	49.05841	12.43465	50.61219
1927.00000	41.13337	11.23416	51.19424
1928.00000	45.48651	8.96992	61.16338
1929.00000	41.50545	11.67655	62.47221
1930.00000	48.90952	9.70502	69.33531
1931.00000	46.71440	12.56413	52.42502
1932.00000	38.67769	10.80604	54.70607
1933.00000	43.36574	9.40754	63.18854
1934.00000	49.35613	10.32501	47.99083
1935.00000	40.72409	13.77431	63.53716
1936.00000	43.66347	12.47408	47.50576
1937.00000	41.13337	11.64282	69.07362
1938.00000	45.82143	10.08166	64.18529
1939.00000	55.45796	10.09151	58.41680
1940.00000	43.88668	8.63292	45.68318
1941.00000	45.78427	9.28789	59.97687
1942.00000	53.07671	8.52002	65.24104
1943.00000	44.29599	11.91200	62.12953
1944.00000	48.01668	10.25121	64.47615
1945.00000	45.63543	11.20718	77.28932
1946.00000	47.57020	10.32211	61.47573
1947.00000	55.53236	9.47288	55.18716
1948.00000	47.01204	10.64277	54.44662
1949.00000	42.62167	14.41737	53.27667
1950.00000	46.11909	11.16915	64.55531
1951.00000	51.10480	10.89568	49.28333
1952.00000	39.71948	11.40338	71.52990
1953.00000	43.58905	14.51736	52.48815
1954.00000	45.11451	8.77904	72.20945
1955.00000	52.63030	11.67993	56.11716
1956.00000	42.28680	12.76409	57.54401
1957.00000	42.06355	10.97322	56.61667
1958.00000	53.59758	9.63858	64.32581
1959.00000	48.83523	10.66669	55.73529
1960.00000	45.33773	9.95214	62.11338
1961.00000	46.34235	9.27608	54.29547
1962.00000	42.39841	9.73240	66.64534
1963.00000	49.69093	10.80230	57.84799
1964.00000	43.77508	12.07633	62.34005
1965.00000	49.95140	8.77178	60.93000
1966.00000	45.93307	8.43952	45.71977
1967.00000	40.38923	11.27191	64.75463
1968.00000	42.17518	14.44592	50.83417
1969.00000	53.15110	6.75710	56.97750
1970.00000	63.52852	7.12546	72.56698
1971.00000	43.62626	11.40554	72.35990
1972.00000	47.04928	12.33402	65.00469
1973.00000	51.51408	12.03977	58.23810
1974.00000	49.80257	10.85617	48.77164
1975.00000	43.36581	9.61815	69.62492
1976.00000	48.98405	11.36237	61.23690
1977.00000	43.51464	11.62702	51.58555
1978.00000	51.88607	10.01308	67.17815
1979.00000	52.33261	10.78742	70.42396
1980.00000	48.94679	11.81940	65.80912
1981.00000	43.25418	8.38948	57.60896
1982.00000	41.05896	14.04453	70.15732
1983.00000	47.57019	12.45396	75.17823
1984.00000	52.07220	12.02788	54.70461
1985.00000	43.81217	7.01959	54.97143
1986.00000	45.97028	11.53201	70.38526
1987.00000	48.94685	12.15459	58.74948
1988.00000	42.84489	10.29846	55.38607
1989.00000	38.34282	9.61668	56.41695
1990.00000	43.84949	9.66411	69.69956
1991.00000	53.03953	10.92637	47.59193
1992.00000	42.84490	9.19064	63.61502
1993.00000	44.66801	12.98096	66.04667
1994.00000	47.27255	10.86215	68.75088
1995.00000	53.70924	11.17878	52.88677
1996.00000	41.84031	9.35251	67.60719
1997.00000	50.02575	10.40924	58.46516
1998.00000	43.10535	10.01660	63.71958
1999.00000	48.09108	12.86954	57.48287
2000.00000	42.77050	12.55738	62.16370
2001.00000	40.53803	10.02789	43.65029
2002.00000	39.12417	8.54643	71.26430
2003.00000	48.57473	12.08082	56.35109
2004.00000	46.78881	8.56905	51.19419
2005.00000	41.13336	6.69170	55.18898
