Year		Latitude	Strength	NAO_index
1851.00000	43.92388	13.22525	8.49122
1852.00000	37.74750	11.04326	31.08430
1853.00000	49.83977	13.28291	14.48932
1854.00000	40.57527	14.11216	33.54300
1855.00000	44.92850	16.24879	20.09279
1856.00000	43.96113	13.23875	29.17104
1857.00000	45.00293	12.33953	15.65654
1858.00000	41.84032	13.32674	9.33701
1859.00000	43.21698	14.19547	5.20544
1860.00000	37.11497	11.57416	28.51870
1861.00000	43.44022	14.33152	15.29961
1862.00000	42.69608	15.27403	8.98021
1863.00000	42.65887	12.63833	19.55344
1864.00000	47.60732	10.08657	19.37362
1865.00000	44.77967	12.09926	20.84430
1866.00000	39.83111	15.81631	29.15825
1867.00000	42.62166	12.55818	24.42312
1868.00000	41.91473	12.56852	21.83815
1869.00000	40.83572	14.36772	10.96117
1870.00000	41.72868	10.79919	14.81109
1871.00000	38.71489	8.74264	0.83617
1872.00000	37.48704	15.51463	42.77912
1873.00000	46.82606	15.03830	8.96747
1874.00000	38.26840	12.58100	24.62422
1875.00000	42.17513	12.22186	8.86573
1876.00000	38.64048	13.21378	20.76810
1877.00000	41.31941	14.25572	20.76687
1878.00000	40.12878	12.71082	16.97536
1879.00000	36.96614	11.22376	15.47031
1880.00000	42.10076	14.92497	22.60711
1881.00000	41.76590	14.53090	34.31575
1882.00000	42.39842	13.62140	17.44255
1883.00000	43.99821	10.49000	14.76680
1884.00000	41.95193	14.51847	19.96716
1885.00000	39.60787	13.74718	35.39800
1886.00000	41.24499	14.92138	25.67542
1887.00000	42.77049	15.59541	16.51253
1888.00000	45.85866	10.09551	21.62310
1889.00000	45.63542	14.46242	11.52398
1890.00000	37.44984	13.36206	12.98607
1891.00000	44.89131	13.28050	9.40836
1892.00000	38.56606	13.01774	12.83216
1893.00000	43.84948	10.93993	7.54255
1894.00000	40.57527	15.92959	18.70992
1895.00000	39.94273	10.82443	39.09461
1896.00000	49.28169	12.44992	13.32128
1897.00000	43.58903	15.85530	2.78951
1898.00000	38.93814	14.43592	19.15042
1899.00000	48.61195	12.30228	26.19898
1900.00000	43.66347	12.95464	21.06292
1901.00000	44.96561	11.95388	10.36664
1902.00000	38.97535	12.64133	4.85865
1903.00000	40.98454	14.77315	6.84367
1904.00000	38.19399	10.07815	3.84953
1905.00000	39.94273	11.56599	25.10594
1906.00000	42.84491	15.21693	17.95039
1907.00000	39.90553	13.76771	15.86833
1908.00000	39.97995	10.68263	23.47750
1909.00000	46.30510	12.93249	14.42104
1910.00000	41.39383	14.26890	-0.48208
1911.00000	35.36622	13.36026	2.91883
1912.00000	37.93354	15.59874	9.51674
1913.00000	36.92894	14.29261	6.86091
1914.00000	34.95693	10.27937	27.61180
1915.00000	42.84491	12.99506	18.65365
1916.00000	38.00795	12.35544	6.67651
1917.00000	38.23120	12.90189	28.90510
1918.00000	46.15632	13.99627	2.46630
1919.00000	39.19859	14.68170	17.35018
1920.00000	46.26796	12.80133	12.89430
1921.00000	45.85849	12.45808	33.86346
1922.00000	44.37041	16.08651	22.75925
1923.00000	40.12878	11.54868	24.67646
1924.00000	46.75165	12.79880	29.90188
1925.00000	42.69608	14.21666	15.60906
1926.00000	41.76589	11.13323	16.86839
1927.00000	40.31482	10.66118	20.71786
1928.00000	39.94273	12.26860	0.33586
1929.00000	48.94673	8.01056	22.78534
1930.00000	42.47284	14.96059	17.40609
1931.00000	45.74707	10.92751	7.34997
1932.00000	39.60787	15.66000	17.69664
1933.00000	40.31480	10.78642	25.89583
1934.00000	46.67724	12.09983	8.57893
1935.00000	41.61707	15.58809	31.24443
1936.00000	46.45399	14.17784	32.67063
1937.00000	43.51464	12.06696	10.33628
1938.00000	42.32401	11.83228	28.25096
1939.00000	43.70067	13.37780	24.81013
1940.00000	47.49579	11.18637	15.99031
1941.00000	43.47744	13.28806	28.74323
1942.00000	46.26787	11.42627	24.70430
1943.00000	41.69147	13.03505	28.29242
1944.00000	46.49121	14.04243	19.57643
1945.00000	40.01716	15.63461	24.95286
1946.00000	44.51923	13.19750	21.65964
1947.00000	40.53806	14.12827	28.18841
1948.00000	43.96109	13.57325	19.54919
1949.00000	49.02118	11.99077	28.49484
1950.00000	43.44023	13.31076	8.04854
1951.00000	41.72861	10.31650	13.80760
1952.00000	42.39834	10.32057	10.53135
1953.00000	40.35202	12.36704	15.57966
1954.00000	56.72042	10.97731	20.12245
1955.00000	41.57984	11.32079	18.24216
1956.00000	45.74706	12.31925	32.75042
1957.00000	42.58444	13.14616	38.23716
1958.00000	46.11914	14.85230	22.96404
1959.00000	41.28220	10.44335	17.39120
1960.00000	41.50545	16.03303	26.78656
1961.00000	48.38872	12.43909	19.89729
1962.00000	47.34691	13.29973	25.96057
1963.00000	43.21697	14.34274	10.07365
1964.00000	37.97075	10.37898	11.76495
1965.00000	54.26457	11.10555	25.56375
1966.00000	44.14716	12.52144	10.45589
1967.00000	43.77506	9.54312	23.50065
1968.00000	46.19355	13.60590	18.20198
1969.00000	39.42183	14.27888	27.53216
1970.00000	43.58905	10.63094	9.40154
1971.00000	40.27761	13.50840	23.47357
1972.00000	49.02121	11.62129	10.86323
1973.00000	37.52425	9.64620	19.03229
1974.00000	47.71901	11.23593	28.33422
1975.00000	48.61198	11.53396	10.91542
1976.00000	42.13798	14.77346	22.96310
1977.00000	43.99833	16.49200	19.17224
1978.00000	46.78882	13.15611	18.97266
1979.00000	45.26338	13.81495	23.28925
1980.00000	42.54724	11.94432	20.58828
1981.00000	47.45855	11.98463	25.48675
1982.00000	41.76589	13.68482	20.51591
1983.00000	40.64968	12.63890	22.24550
1984.00000	42.95654	11.45970	25.74357
1985.00000	42.13798	13.88373	3.10167
1986.00000	41.28220	14.70546	21.98445
1987.00000	39.90554	11.86109	27.42031
1988.00000	45.22614	10.67346	39.80992
1989.00000	46.37959	14.20068	9.97747
1990.00000	40.31479	12.99926	5.73958
1991.00000	38.67769	15.22271	23.48937
1992.00000	43.21697	13.74501	26.38008
1993.00000	45.63541	14.68735	17.11854
1994.00000	41.46824	13.22171	11.16607
1995.00000	42.80771	13.03894	23.22245
1996.00000	46.04466	11.87833	25.28729
1997.00000	41.57985	10.71938	26.48703
1998.00000	43.96113	13.67348	9.84359
1999.00000	41.05896	12.70634	14.37891
2000.00000	42.65887	13.64605	22.52575
2001.00000	42.39841	12.75649	15.94302
2002.00000	41.46823	11.43758	25.70646
2003.00000	42.02635	15.29360	15.36031
2004.00000	41.84030	13.73336	6.47417
2005.00000	41.91472	10.22832	18.91672
