Year		Latitude	Strength	NAO_index
1860.00000	49.72815	14.96984	65.81773
1861.00000	52.55584	11.06031	58.33383
1862.00000	50.91866	12.03666	45.50047
1863.00000	48.94681	12.64275	62.76602
1864.00000	45.74701	9.33855	46.43523
1865.00000	39.86832	11.58700	49.69359
1866.00000	45.97024	9.28286	50.94169
1867.00000	53.33714	9.63969	57.97297
1868.00000	47.68174	12.59046	50.45648
1869.00000	44.77949	8.64984	35.84010
1870.00000	42.69607	11.58639	58.09583
1871.00000	54.49060	12.07858	67.08336
1872.00000	47.08649	9.43402	57.31432
1873.00000	56.09046	11.98009	64.15591
1874.00000	47.23534	12.67499	59.09276
1875.00000	47.49578	11.94882	57.00849
1876.00000	41.02170	9.37381	37.40969
1877.00000	46.04466	12.65591	48.55659
1878.00000	47.71901	10.32882	59.86055
1879.00000	49.72815	11.86070	62.76518
1880.00000	57.98794	10.39593	58.56607
1881.00000	55.01148	8.47944	50.44206
1882.00000	54.97425	10.50800	58.05094
1883.00000	44.03552	10.99214	52.38099
1884.00000	50.54666	9.57084	53.48073
1885.00000	48.35148	13.72452	61.73352
1886.00000	45.59824	13.95554	61.23620
1887.00000	47.19813	12.47402	60.04076
1888.00000	53.56039	11.67321	59.63979
1889.00000	52.36982	13.71302	67.47992
1890.00000	51.92335	11.90966	60.16651
1891.00000	50.76997	11.74627	62.62513
1892.00000	45.04001	11.04521	49.11482
1893.00000	50.39791	13.60668	65.19734
1894.00000	56.09043	10.09401	55.65187
1895.00000	43.81229	13.91043	57.91026
1896.00000	45.18895	12.93878	57.05529
1897.00000	46.11913	11.78480	53.67703
1898.00000	49.39323	12.72147	54.46182
1899.00000	47.57020	14.15414	64.08310
1900.00000	38.93814	12.68020	44.00516
1901.00000	45.11454	13.37839	64.87063
1902.00000	45.48661	12.75812	58.77867
1903.00000	54.97427	13.11815	65.19654
1904.00000	45.00285	7.14054	38.52516
1905.00000	47.97943	10.75177	54.19508
1906.00000	50.28623	11.57690	51.22313
1907.00000	47.42138	12.92348	62.66370
1908.00000	43.58903	12.53305	45.33125
1909.00000	50.36066	9.85483	50.87646
1910.00000	41.39383	9.32503	47.70088
1911.00000	39.79391	10.39614	33.28302
1912.00000	44.25879	11.70373	59.81583
1913.00000	50.73276	11.59701	61.73627
1914.00000	50.10024	10.38892	54.27268
1915.00000	45.97027	13.12239	56.11667
1916.00000	50.99312	11.72547	57.00833
1917.00000	45.89589	14.39382	63.29576
1918.00000	54.56496	8.81552	53.18505
1919.00000	50.24907	12.42059	62.61310
1920.00000	45.33778	11.96443	60.88685
1921.00000	45.89590	12.30106	54.40792
1922.00000	45.18888	7.38179	39.64250
1923.00000	41.54266	9.31594	44.54417
1924.00000	54.52780	12.90863	61.94633
1925.00000	48.27713	12.23904	58.63242
1926.00000	46.82599	11.81234	52.73417
1927.00000	45.00283	8.66753	33.69570
1928.00000	40.91010	11.46202	38.61680
1929.00000	51.55129	12.58032	59.67901
1930.00000	44.70522	10.61155	45.52943
1931.00000	49.43044	8.69431	47.65237
1932.00000	43.06814	11.41318	62.35766
1933.00000	46.60275	15.20767	57.13063
1934.00000	56.46232	8.26514	54.09667
1935.00000	43.25417	13.06435	58.25005
1936.00000	44.29598	11.20935	56.04901
1937.00000	40.24038	10.66244	35.37214
1938.00000	38.75210	11.28984	40.84581
1939.00000	44.37040	12.40916	54.62857
1940.00000	45.59824	12.52583	54.62424
1941.00000	47.83059	10.95647	54.57412
1942.00000	42.39841	13.49560	48.71406
1943.00000	45.37497	12.80134	59.82354
1944.00000	45.44939	11.71205	56.57633
1945.00000	44.29599	10.56810	58.84794
1946.00000	52.77907	9.80359	54.04255
1947.00000	43.66346	11.79985	59.88268
1948.00000	53.52318	7.26225	39.72513
1949.00000	48.76080	11.59114	62.65969
1950.00000	41.61706	9.46104	40.85846
1951.00000	45.15172	9.04117	48.52958
1952.00000	51.55128	12.46698	64.98544
1953.00000	42.84491	12.00465	62.07599
1954.00000	43.84950	10.15536	58.26318
1955.00000	46.30510	10.20674	47.56966
1956.00000	50.24907	13.47107	62.45724
1957.00000	49.65374	9.81968	49.58292
1958.00000	53.52324	9.33326	55.02338
1959.00000	45.18892	9.20898	53.48690
1960.00000	49.46768	10.03050	53.27826
1961.00000	46.71444	10.01538	59.25422
1962.00000	53.67207	12.52654	63.45310
1963.00000	47.94225	14.35220	64.20375
1964.00000	53.52318	9.33547	55.45794
1965.00000	45.93303	12.23589	54.35956
1966.00000	46.97487	11.13971	58.03932
1967.00000	51.77452	12.60176	65.23802
1968.00000	48.98398	11.07963	58.30331
1969.00000	44.44482	10.85087	54.74000
1970.00000	43.51462	12.44494	53.04875
1971.00000	47.68172	10.01859	37.50914
1972.00000	52.10939	12.59558	60.10820
1973.00000	49.13286	10.12614	58.97354
1974.00000	45.37494	11.92325	48.89758
1975.00000	49.35610	14.39333	64.34094
1976.00000	47.30976	12.79147	61.93490
1977.00000	49.98860	9.53644	56.91495
1978.00000	45.37492	11.26172	50.73203
1979.00000	52.96509	12.45993	62.69221
1980.00000	53.63487	12.32523	62.87570
1981.00000	38.60327	12.06397	39.18979
1982.00000	45.89589	14.02606	62.26544
1983.00000	52.03496	11.29806	60.57279
1984.00000	55.38355	11.59694	58.21602
1985.00000	51.73731	14.03497	68.24951
1986.00000	46.26796	13.31480	60.76594
1987.00000	50.91866	10.54954	43.29221
1988.00000	49.87702	10.92741	59.82326
1989.00000	44.59364	11.24287	58.08193
1990.00000	47.23527	11.10918	52.29273
1991.00000	45.78423	11.78084	61.84518
1992.00000	51.21644	11.72215	56.88721
1993.00000	55.79281	11.79191	63.62635
1994.00000	47.38416	9.98931	54.05932
1995.00000	48.98404	11.09552	56.29513
1996.00000	44.59360	12.22788	57.78417
1997.00000	50.06303	14.01876	65.34604
1998.00000	55.63674	8.58948	43.79208
1999.00000	46.23073	11.97219	53.37248
2000.00000	50.36065	10.95448	58.76281
2001.00000	44.66806	12.06556	52.78583
2002.00000	46.49113	10.41936	49.99458
2003.00000	42.65886	10.81241	48.53005
2004.00000	46.08189	11.04303	50.52057
2005.00000	43.47735	10.84592	48.10859
