Year		Latitude	Strength	NAO_index
1851.00000	53.59766	12.38807	59.54049
1852.00000	44.07265	8.23477	68.89380
1853.00000	49.05845	11.47192	61.18974
1854.00000	49.13287	12.40209	73.76963
1855.00000	54.86266	13.41497	58.21326
1856.00000	52.36985	11.04841	72.88695
1857.00000	53.70927	11.67696	60.05924
1858.00000	54.49059	12.51488	77.61018
1859.00000	51.10481	14.32274	62.34404
1860.00000	49.80257	8.95773	60.43216
1861.00000	48.98400	12.05471	75.22211
1862.00000	51.40247	12.39234	56.76099
1863.00000	52.55587	12.06845	64.82333
1864.00000	54.08133	11.48006	61.30956
1865.00000	46.34235	9.63189	64.91565
1866.00000	46.56553	8.53707	68.86568
1867.00000	46.30508	9.42712	51.74276
1868.00000	44.85405	9.62295	59.11307
1869.00000	53.15114	9.67576	64.20828
1870.00000	55.08590	10.81071	56.06398
1871.00000	44.48197	7.42755	56.66998
1872.00000	50.21181	7.97458	72.01591
1873.00000	50.39791	12.50631	49.53857
1874.00000	42.58445	12.74395	56.00648
1875.00000	50.10021	12.10514	61.80698
1876.00000	50.80715	11.60833	63.34656
1877.00000	47.53299	10.59883	64.11627
1878.00000	44.81689	9.69041	60.32672
1879.00000	51.62569	10.71337	55.72992
1880.00000	50.69554	7.81917	67.65617
1881.00000	51.51404	11.26454	44.76180
1882.00000	40.16598	9.59173	67.07424
1883.00000	44.10992	11.26445	61.48250
1884.00000	48.31429	7.79761	50.87359
1885.00000	43.29135	10.07226	70.57336
1886.00000	51.73733	12.59169	48.17127
1887.00000	46.37953	6.83461	67.72039
1888.00000	51.66292	14.45690	68.53120
1889.00000	49.76539	12.75612	62.52237
1890.00000	50.02571	9.97933	52.35287
1891.00000	55.68118	11.69095	62.06367
1892.00000	42.06354	7.88455	72.19919
1893.00000	53.70925	11.47922	67.35685
1894.00000	49.91422	11.55822	60.06875
1895.00000	41.35659	9.64548	58.29826
1896.00000	47.83061	11.62301	52.92377
1897.00000	50.02585	8.74215	61.49627
1898.00000	50.84439	11.48494	69.18424
1899.00000	48.64916	13.06922	60.77388
1900.00000	48.61196	8.45073	65.93461
1901.00000	50.50952	11.15458	65.01685
1902.00000	52.10936	10.21171	64.09828
1903.00000	43.88670	11.18688	68.27555
1904.00000	50.06299	13.38875	75.12190
1905.00000	51.77452	12.67257	58.18573
1906.00000	43.84948	10.98386	45.49211
1907.00000	45.04000	8.96485	50.04310
1908.00000	42.06353	11.72291	50.35662
1909.00000	44.96569	11.07881	67.19294
1910.00000	49.35612	12.10143	65.03388
1911.00000	53.22556	9.07345	64.26328
1912.00000	55.08588	10.75136	55.36852
1913.00000	51.99773	8.57080	65.73258
1914.00000	50.13740	10.99078	70.32221
1915.00000	54.30457	10.85436	63.03198
1916.00000	54.67661	11.79942	66.61662
1917.00000	54.26737	12.94710	59.35240
1918.00000	53.96966	11.17144	71.38523
1919.00000	52.10938	12.82085	64.98984
1920.00000	54.04404	9.87812	73.19604
1921.00000	55.79281	13.13101	63.29906
1922.00000	50.47231	10.95831	58.54969
1923.00000	50.39790	11.02295	64.44453
1924.00000	48.01666	11.69445	60.25463
1925.00000	51.81172	10.72803	58.36388
1926.00000	48.64917	9.24985	43.41138
1927.00000	44.59354	9.46931	61.75602
1928.00000	49.80260	12.40152	55.25073
1929.00000	50.88157	10.99317	64.93049
1930.00000	45.56103	12.51562	48.21792
1931.00000	46.86319	10.30161	64.14102
1932.00000	52.07215	10.87281	45.57023
1933.00000	43.32860	8.81356	46.51320
1934.00000	45.82145	9.62694	49.95875
1935.00000	47.12370	8.49101	60.29044
1936.00000	43.92388	10.31409	57.87604
1937.00000	48.27705	8.07140	56.04016
1938.00000	49.54213	13.70799	60.50953
1939.00000	41.17057	10.09469	61.37802
1940.00000	55.34634	11.36053	62.46752
1941.00000	54.26732	10.84537	53.52206
1942.00000	43.14256	10.85608	59.87213
1943.00000	51.21644	9.02307	55.59195
1944.00000	47.01204	10.68120	58.01693
1945.00000	46.60280	11.43328	70.84427
1946.00000	49.02125	10.74055	72.29138
1947.00000	46.71445	12.00218	57.83500
1948.00000	51.17920	10.46278	60.16844
1949.00000	43.10533	10.26132	74.63333
1950.00000	51.36527	12.12366	53.32373
1951.00000	46.71437	7.81180	64.61502
1952.00000	57.80191	10.06078	60.90323
1953.00000	43.10536	11.44544	49.27773
1954.00000	45.41213	7.60572	50.55771
1955.00000	55.16028	8.77220	70.10787
1956.00000	48.64920	12.33936	62.14068
1957.00000	52.59309	11.83352	50.34375
1958.00000	47.49569	8.52130	61.94596
1959.00000	48.31432	11.57580	61.63068
1960.00000	48.94686	10.36254	57.96432
1961.00000	44.89125	10.58792	52.91338
1962.00000	41.24499	9.03703	68.51982
1963.00000	51.51408	10.54439	68.15055
1964.00000	57.72750	9.35460	45.55385
1965.00000	39.86830	9.97649	56.14039
1966.00000	40.87292	9.89737	70.22167
1967.00000	55.75560	11.54412	62.78565
1968.00000	43.44018	11.38505	70.43888
1969.00000	47.86786	12.93650	64.85263
1970.00000	51.62569	11.34593	58.99120
1971.00000	47.16090	11.41181	54.96393
1972.00000	41.50545	9.17895	58.17500
1973.00000	57.50425	10.48536	63.32279
1974.00000	50.21182	11.54706	69.39182
1975.00000	48.83521	11.30970	63.28823
1976.00000	56.05324	11.86769	46.23846
1977.00000	45.78422	10.43044	51.32346
1978.00000	45.44935	11.96067	54.10250
1979.00000	40.01713	9.10471	64.45117
1980.00000	51.73731	11.16654	70.57240
1981.00000	49.17006	11.94605	64.64367
1982.00000	43.88671	10.79144	67.87787
1983.00000	46.67717	11.42463	64.36711
1984.00000	52.51867	10.89266	71.24315
1985.00000	50.06302	12.19109	60.60005
1986.00000	49.76534	11.88697	69.60443
1987.00000	48.53755	10.94218	70.29422
1988.00000	49.28169	13.28876	63.81180
1989.00000	50.02584	10.40795	74.86312
1990.00000	52.10940	13.95364	59.50987
1991.00000	43.17978	11.98519	64.32159
1992.00000	47.34696	9.83334	55.43529
1993.00000	47.49569	11.28888	72.52680
1994.00000	48.64920	14.57962	60.48625
1995.00000	52.29541	11.83984	62.46935
1996.00000	48.64916	12.53329	66.66813
1997.00000	46.90045	10.89408	68.20542
1998.00000	55.45794	11.85750	55.51117
1999.00000	39.27300	9.12024	66.78555
2000.00000	51.06756	11.62398	63.05203
2001.00000	51.84896	10.59447	46.10727
2002.00000	45.44928	8.85765	74.08242
2003.00000	50.39789	12.09735	59.25698
2004.00000	47.01201	8.89028	67.35281
2005.00000	47.97947	10.89379	55.95831
