Year		Latitude	Strength	NAO_index
1851.00000	42.69608	11.02288	15.39792
1852.00000	44.44482	11.51709	9.99422
1853.00000	43.55165	8.18995	-0.44841
1854.00000	40.38921	9.58654	20.09906
1855.00000	42.17518	10.31976	4.42185
1856.00000	41.61706	9.80406	11.92500
1857.00000	45.56090	8.68981	15.81773
1858.00000	49.57933	9.09300	5.47583
1859.00000	42.80766	8.40593	15.89714
1860.00000	47.08648	8.76497	17.38070
1861.00000	43.44022	8.98620	19.50352
1862.00000	41.46824	12.27216	3.72026
1863.00000	36.85452	7.44153	2.66951
1864.00000	34.91972	7.86326	3.86823
1865.00000	47.04915	7.28729	-5.36776
1866.00000	37.00334	9.94491	-0.75687
1867.00000	44.14702	7.85434	10.25180
1868.00000	43.88670	7.94550	18.26219
1869.00000	44.44482	10.07499	13.04664
1870.00000	43.10536	9.24881	14.01490
1871.00000	44.29599	10.03565	20.51294
1872.00000	44.70527	10.16265	4.61628
1873.00000	48.31426	8.21676	-4.73768
1874.00000	40.94730	10.48682	16.77904
1875.00000	43.44021	10.53286	6.34786
1876.00000	43.58905	10.05159	22.19042
1877.00000	55.19751	8.68539	5.81003
1878.00000	42.77047	8.68328	-7.93542
1879.00000	35.70108	10.94407	4.83768
1880.00000	36.70569	12.92873	-1.57320
1881.00000	39.04975	10.28568	17.72701
1882.00000	47.23534	8.87594	5.91612
1883.00000	43.55182	6.32094	0.41794
1884.00000	38.15678	8.80228	-2.00609
1885.00000	41.80311	8.66639	3.08674
1886.00000	49.39327	8.71390	-7.24260
1887.00000	33.87791	8.72950	8.04341
1888.00000	44.63081	10.47849	7.64768
1889.00000	40.12877	11.16699	15.30318
1890.00000	47.27252	9.59466	11.89641
1891.00000	51.84885	7.78717	0.93305
1892.00000	41.20776	9.67882	6.40156
1893.00000	37.15218	13.31384	1.74669
1894.00000	39.97995	11.11305	15.47901
1895.00000	44.66804	10.74722	14.01716
1896.00000	41.61707	11.63073	14.00297
1897.00000	43.25419	8.81626	9.00477
1898.00000	44.07274	8.71956	10.66109
1899.00000	44.66797	9.20088	4.10750
1900.00000	34.62207	9.23848	-7.43141
1901.00000	34.80810	10.10014	18.41167
1902.00000	49.09561	10.83295	15.60833
1903.00000	44.29597	9.72853	2.44003
1904.00000	41.31941	10.48533	-7.19260
1905.00000	34.51044	9.23450	24.63039
1906.00000	46.71444	10.30437	8.91664
1907.00000	43.29135	8.66657	19.82266
1908.00000	41.91472	9.12072	4.19109
1909.00000	40.91013	8.16351	12.61727
1910.00000	45.07732	9.44458	11.19323
1911.00000	45.78427	10.05744	21.04266
1912.00000	45.07734	9.33318	1.30385
1913.00000	45.97020	7.75238	6.25747
1914.00000	43.51455	6.25322	-0.44299
1915.00000	39.27300	9.57622	10.28698
1916.00000	44.40759	8.58529	8.68906
1917.00000	47.71895	9.54025	17.59958
1918.00000	49.20730	8.61933	-0.01695
1919.00000	45.18888	7.36487	16.54802
1920.00000	48.94685	8.90325	9.49161
1921.00000	43.14257	11.20473	0.01206
1922.00000	36.70568	7.89783	6.87841
1923.00000	43.99829	9.25043	4.59841
1924.00000	39.57065	10.45020	10.38120
1925.00000	42.17517	8.40425	3.70456
1926.00000	41.46815	8.50350	7.91612
1927.00000	44.89130	9.05269	17.48753
1928.00000	50.13747	9.72758	-6.30130
1929.00000	34.62207	12.56208	-1.61547
1930.00000	39.49620	10.62672	13.71422
1931.00000	38.97533	10.22142	5.82763
1932.00000	41.95194	8.95859	9.18133
1933.00000	43.36580	9.50832	1.95695
1934.00000	40.31473	6.17535	17.83185
1935.00000	49.80258	9.34589	5.23953
1936.00000	40.38922	9.80966	12.64297
1937.00000	41.05891	8.24717	-5.63070
1938.00000	35.06856	9.78894	7.76240
1939.00000	42.51005	9.46875	22.19023
1940.00000	46.60282	10.17751	4.28714
1941.00000	41.05896	8.85855	21.92336
1942.00000	49.54210	7.95232	18.30792
1943.00000	43.36578	10.63621	8.51333
1944.00000	46.67722	8.68980	4.70023
1945.00000	36.89173	9.34503	17.70927
1946.00000	50.06295	9.17932	9.97247
1947.00000	43.06815	8.93359	0.22159
1948.00000	33.58025	8.37205	15.38070
1949.00000	44.29597	10.87868	14.25891
1950.00000	45.07734	11.61726	-0.20401
1951.00000	37.59866	6.84015	13.79961
1952.00000	43.06816	10.92075	3.07534
1953.00000	38.30560	8.50874	2.06987
1954.00000	33.28259	8.51449	1.22216
1955.00000	43.03089	9.76997	17.65802
1956.00000	40.94734	11.01454	18.19794
1957.00000	46.71444	9.58045	4.88896
1958.00000	36.96613	8.28747	-9.77008
1959.00000	34.91973	11.67224	-5.81091
1960.00000	38.23119	12.43284	5.76969
1961.00000	39.23579	9.35953	6.53599
1962.00000	58.34791	8.76844	15.30573
1963.00000	44.89130	10.58633	10.40042
1964.00000	40.68688	9.27505	-1.25339
1965.00000	36.48245	8.81530	-9.25667
1966.00000	34.95694	10.55228	14.07141
1967.00000	45.85867	8.54493	17.94190
1968.00000	43.77509	9.58487	11.37266
1969.00000	43.36577	9.86748	6.99529
1970.00000	46.64000	7.32968	8.50911
1971.00000	40.12878	9.00737	-0.71997
1972.00000	36.37082	10.42918	1.89508
1973.00000	48.05378	5.81064	18.88125
1974.00000	42.62164	7.90567	8.52102
1975.00000	39.94274	12.31262	3.95396
1976.00000	40.94733	8.79964	-5.51271
1977.00000	36.14758	9.10197	-7.54753
1978.00000	34.73369	11.78893	11.89375
1979.00000	43.88670	9.58288	12.49573
1980.00000	45.41219	8.07869	-5.40677
1981.00000	32.16636	11.19633	-0.51685
1982.00000	42.47283	11.80217	22.60732
1983.00000	44.96572	11.62336	-4.28250
1984.00000	37.00334	8.46332	-2.99721
1985.00000	35.58946	8.56352	4.44023
1986.00000	39.75670	8.45795	14.02602
1987.00000	44.40761	8.02497	2.51719
1988.00000	47.75610	8.62502	13.41721
1989.00000	44.89131	8.97926	3.80284
1990.00000	41.46823	12.46389	5.19120
1991.00000	43.99831	8.88981	1.99862
1992.00000	45.07724	7.31179	10.90266
1993.00000	47.23528	10.47110	6.32281
1994.00000	41.02175	11.28584	26.40956
1995.00000	47.57021	11.29748	8.70745
1996.00000	41.20778	8.84224	4.23951
1997.00000	42.24960	8.04242	6.38266
1998.00000	41.69148	9.30275	-8.38352
1999.00000	38.08235	10.32396	-2.04310
2000.00000	36.33362	9.92271	-11.93708
2001.00000	37.11496	12.43535	4.33888
2002.00000	40.38922	8.78006	12.88216
2003.00000	46.23073	9.69773	1.08398
2004.00000	40.38922	7.99136	15.17000
2005.00000	42.39841	9.37165	3.07549
