Year		Latitude	Strength	NAO_index
1851.00000	44.77960	9.11757	52.25510
1852.00000	44.96572	13.83750	31.26419
1853.00000	42.21237	8.13292	48.23245
1854.00000	43.70068	10.58291	36.97378
1855.00000	44.74240	7.07235	50.91268
1856.00000	51.14202	8.54286	37.96781
1857.00000	52.96166	9.90751	52.73990
1858.00000	46.93769	11.70312	51.66690
1859.00000	43.88671	11.77247	36.79190
1860.00000	44.55637	9.07944	53.79271
1861.00000	47.79344	12.72679	49.38901
1862.00000	45.00293	11.54379	53.18518
1863.00000	48.83523	11.07673	51.85120
1864.00000	44.89130	11.98409	62.92010
1865.00000	48.61200	11.11979	53.77659
1866.00000	53.89531	10.74811	51.48643
1867.00000	44.48202	9.93915	47.86792
1868.00000	43.25410	7.19172	53.95276
1869.00000	44.37036	9.37108	41.97479
1870.00000	43.55185	11.58983	48.06685
1871.00000	50.58392	11.90900	51.16133
1872.00000	51.21643	8.82966	51.49737
1873.00000	46.34236	11.44479	43.30198
1874.00000	42.80770	12.54306	46.04104
1875.00000	41.91473	10.44879	49.35932
1876.00000	46.19355	11.92450	43.85070
1877.00000	41.13336	8.29714	38.90779
1878.00000	41.20778	10.94858	43.42977
1879.00000	54.37600	7.23834	47.07667
1880.00000	47.12369	10.35078	56.81248
1881.00000	48.94684	12.19555	53.52544
1882.00000	56.01604	10.76895	35.19703
1883.00000	42.54725	11.74999	60.96484
1884.00000	50.65835	12.88321	54.80768
1885.00000	46.08192	12.22782	55.47424
1886.00000	46.86327	11.35190	44.70302
1887.00000	48.09103	9.45978	44.26581
1888.00000	48.83522	10.39073	48.46284
1889.00000	65.53773	6.63143	46.41065
1890.00000	46.71440	7.77936	53.47706
1891.00000	49.72816	8.92117	43.92966
1892.00000	45.15175	11.90259	39.73852
1893.00000	46.41675	10.25115	48.11201
1894.00000	43.96112	12.28388	43.67245
1895.00000	48.27708	7.42754	45.22289
1896.00000	45.70982	11.54820	40.36406
1897.00000	44.77967	10.62152	36.28172
1898.00000	51.88320	7.58965	43.28443
1899.00000	55.11986	7.25866	36.69151
1900.00000	41.39382	8.96827	47.93026
1901.00000	55.79279	7.86093	45.48685
1902.00000	44.22157	9.11064	47.86096
1903.00000	43.77508	8.73612	33.52260
1904.00000	59.10062	5.95742	49.95727
1905.00000	53.30000	10.26397	59.47252
1906.00000	50.50947	10.24401	37.18643
1907.00000	43.10536	8.69545	53.65068
1908.00000	46.78886	13.29977	56.23440
1909.00000	46.86328	12.46845	39.28867
1910.00000	47.53290	8.66061	48.53208
1911.00000	45.18896	11.10658	40.98216
1912.00000	46.78885	12.01274	27.28375
1913.00000	35.88713	9.38997	45.63260
1914.00000	49.80245	8.07647	40.34130
1915.00000	37.82190	9.75941	53.25252
1916.00000	50.24908	11.43184	40.96123
1917.00000	43.03095	12.22134	44.97807
1918.00000	42.80770	13.04132	54.11789
1919.00000	50.32343	11.84050	59.38190
1920.00000	54.15571	11.59251	42.88102
1921.00000	43.47743	10.98011	45.65862
1922.00000	44.25878	11.28749	47.74523
1923.00000	48.94683	10.67942	53.47940
1924.00000	49.80260	10.58204	54.51357
1925.00000	58.76599	13.68791	36.32062
1926.00000	39.45904	9.24033	47.66906
1927.00000	52.70465	9.94882	57.16927
1928.00000	49.09568	12.00443	44.99588
1929.00000	47.08640	9.93363	50.06424
1930.00000	49.50488	9.81728	44.84490
1931.00000	44.37040	11.62202	39.81604
1932.00000	54.82194	8.38773	49.01279
1933.00000	41.20778	9.32495	47.11302
1934.00000	49.28168	10.63081	45.57940
1935.00000	45.85869	11.42782	43.35721
1936.00000	44.51923	12.42365	37.06104
1937.00000	41.98913	10.46092	52.65336
1938.00000	44.77968	13.26029	52.47201
1939.00000	48.87242	11.27924	48.86091
1940.00000	58.57986	9.96942	53.82234
1941.00000	47.16093	12.44748	60.55039
1942.00000	52.03498	9.98231	50.76266
1943.00000	49.24450	10.85432	54.47547
1944.00000	44.55641	11.70781	40.94612
1945.00000	43.40302	12.01150	41.77909
1946.00000	48.42586	8.27134	41.57930
1947.00000	44.18437	10.86743	44.99127
1948.00000	48.23988	11.30260	45.45141
1949.00000	40.01715	9.77852	43.73573
1950.00000	48.38868	10.59681	51.63373
1951.00000	43.32859	11.40659	51.64373
1952.00000	42.51003	11.78397	49.35573
1953.00000	49.39330	9.01697	51.12633
1954.00000	52.18382	9.08740	56.32232
1955.00000	60.03140	9.78197	54.41516
1956.00000	47.34696	10.96495	50.13451
1957.00000	52.77912	10.91594	59.89344
1958.00000	48.38875	13.37463	56.69135
1959.00000	48.42593	9.99249	58.29701
1960.00000	46.30517	10.88490	48.96893
1961.00000	49.39331	10.68401	27.45953
1962.00000	44.10985	6.55636	45.63258
1963.00000	49.69089	10.49859	47.30995
1964.00000	46.52836	9.77507	58.36763
1965.00000	48.76082	10.72894	46.82359
1966.00000	46.23075	12.29670	44.96531
1967.00000	46.19349	9.09004	62.03591
1968.00000	62.56096	12.08941	48.23852
1969.00000	44.89131	11.16527	54.99057
1970.00000	47.94224	10.74236	49.93305
1971.00000	47.60737	12.14084	46.90326
1972.00000	38.97533	8.18300	34.58505
1973.00000	45.15167	10.48594	43.33748
1974.00000	45.41215	9.23053	37.01055
1975.00000	46.52830	7.76080	60.49127
1976.00000	50.88157	11.88463	33.16573
1977.00000	39.31022	10.99499	52.32469
1978.00000	44.07272	12.16386	54.05174
1979.00000	44.10992	10.74892	40.35292
1980.00000	48.57479	11.20070	51.48307
1981.00000	47.23531	12.63414	56.83693
1982.00000	43.88670	9.86621	38.96755
1983.00000	43.77507	9.70040	37.57878
1984.00000	46.30510	8.79827	50.39643
1985.00000	49.72819	10.52730	54.83070
1986.00000	51.51409	11.48451	35.41659
1987.00000	41.76589	10.78763	39.98411
1988.00000	51.81164	9.26049	43.62427
1989.00000	45.41220	9.41035	41.15076
1990.00000	43.17978	11.46103	52.38849
1991.00000	45.26338	11.71683	43.30336
1992.00000	37.93353	7.95771	34.77089
1993.00000	36.85452	8.56899	48.06127
1994.00000	51.32801	9.30875	60.72091
1995.00000	58.57996	11.58755	46.04857
1996.00000	48.90961	10.27823	51.20302
1997.00000	51.29084	10.88760	39.99625
1998.00000	48.68640	8.60675	45.83060
1999.00000	40.09157	11.22478	52.13448
2000.00000	52.25819	8.78608	39.12654
2001.00000	42.77049	10.88377	47.19240
2002.00000	45.93305	7.98763	41.64797
2003.00000	45.33779	9.16387	52.69729
2004.00000	47.42136	9.77960	43.39537
2005.00000	49.17005	11.76450	44.65037
