Year		Latitude	Strength	NAO_index
1851.00000	41.76590	11.22309	39.54325
1852.00000	45.22617	12.16293	31.24930
1853.00000	42.84491	10.76561	43.25877
1854.00000	46.97488	14.10098	25.57263
1855.00000	44.22151	9.58349	54.12227
1856.00000	46.45400	15.50492	37.28836
1857.00000	44.29598	14.65203	32.82669
1858.00000	43.14257	13.47507	38.10346
1859.00000	44.70527	12.16957	54.56625
1860.00000	54.93706	13.03099	38.47313
1861.00000	48.53757	14.13634	17.74292
1862.00000	39.12418	12.45243	25.23078
1863.00000	48.38860	8.84336	41.84490
1864.00000	46.97489	11.66309	37.92302
1865.00000	45.04013	13.90144	26.23021
1866.00000	41.28221	13.33177	41.12174
1867.00000	46.71443	14.02646	45.50055
1868.00000	46.08191	12.00923	33.75617
1869.00000	44.63082	10.70510	52.09958
1870.00000	46.71444	14.22436	39.84578
1871.00000	43.84950	11.29073	51.10693
1872.00000	49.76539	13.56817	41.87565
1873.00000	47.64461	14.90356	44.01752
1874.00000	49.80259	11.17322	42.76662
1875.00000	49.57934	14.39457	39.41430
1876.00000	45.41213	12.28922	48.79193
1877.00000	47.71903	10.95010	43.32331
1878.00000	48.83523	12.62540	46.76354
1879.00000	43.29140	13.30703	42.65695
1880.00000	48.20262	11.30110	31.37896
1881.00000	42.69607	11.04089	34.33062
1882.00000	46.45400	12.35692	26.57247
1883.00000	47.04927	12.08463	42.63771
1884.00000	43.77509	13.25413	35.64747
1885.00000	48.83515	10.94145	45.55281
1886.00000	48.27708	13.23590	47.04102
1887.00000	52.66746	14.04711	36.47122
1888.00000	45.07734	11.10174	46.61141
1889.00000	48.87242	12.56878	46.75104
1890.00000	46.26797	13.75270	38.04448
1891.00000	46.86327	12.90628	38.38609
1892.00000	49.35612	10.94422	53.75266
1893.00000	50.36070	13.23390	45.23107
1894.00000	47.68180	13.88592	54.87891
1895.00000	45.11453	13.01599	49.45138
1896.00000	46.60283	12.95317	44.55016
1897.00000	49.13286	11.92536	40.53706
1898.00000	45.44941	14.14823	58.17688
1899.00000	46.49121	15.00384	48.02076
1900.00000	49.98860	13.33743	47.59479
1901.00000	47.75623	14.15636	48.28445
1902.00000	44.96572	12.75454	35.42529
1903.00000	48.42591	10.74493	42.06203
1904.00000	42.77048	11.50276	50.92896
1905.00000	49.17010	11.71720	50.82523
1906.00000	46.56561	15.40504	31.86026
1907.00000	43.47743	11.87934	28.04667
1908.00000	44.48201	12.05924	39.73594
1909.00000	44.33320	16.23205	48.05990
1910.00000	44.96571	12.50753	40.48023
1911.00000	51.47690	11.44832	50.01557
1912.00000	46.71444	13.71554	47.93846
1913.00000	50.10024	14.18916	35.16206
1914.00000	44.44481	11.80650	46.76432
1915.00000	45.67264	14.29789	43.64430
1916.00000	44.22158	14.00046	44.76727
1917.00000	49.09566	12.13105	33.71682
1918.00000	38.23119	9.45983	33.93471
1919.00000	43.81230	9.92921	56.64594
1920.00000	50.17465	15.05931	51.52758
1921.00000	48.98402	10.68889	48.50287
1922.00000	48.72361	14.30038	53.31203
1923.00000	48.94685	12.63072	32.50047
1924.00000	40.68688	9.90296	42.12896
1925.00000	41.72869	11.56640	53.39177
1926.00000	47.30976	14.58162	42.45867
1927.00000	46.78884	14.32291	53.49162
1928.00000	48.27710	13.38709	36.30516
1929.00000	45.74703	11.29117	50.53979
1930.00000	50.24909	13.40381	47.13838
1931.00000	44.85409	14.00588	41.86810
1932.00000	46.52841	12.10342	52.15357
1933.00000	47.16092	14.44240	43.52229
1934.00000	48.12831	14.02070	42.86919
1935.00000	49.87698	11.47425	49.51912
1936.00000	48.90964	13.50420	30.86557
1937.00000	42.80770	10.16119	44.27463
1938.00000	51.25363	11.69896	41.87641
1939.00000	47.94223	11.93818	39.32898
1940.00000	45.59822	12.09737	50.83443
1941.00000	45.26337	13.27287	30.86565
1942.00000	49.35611	8.93959	56.26687
1943.00000	45.97031	14.90946	32.26740
1944.00000	47.23529	13.15337	44.60143
1945.00000	48.94685	14.14161	36.43675
1946.00000	39.08696	10.84703	41.66750
1947.00000	46.11914	12.34160	36.83089
1948.00000	43.51464	11.84855	49.12502
1949.00000	45.11455	13.97130	48.75914
1950.00000	46.45400	13.86501	52.25346
1951.00000	53.63485	14.41103	35.96370
1952.00000	42.17516	12.10109	41.52456
1953.00000	44.59365	10.71544	42.44539
1954.00000	43.96113	14.64557	41.38849
1955.00000	45.74707	12.48005	25.33714
1956.00000	40.94733	9.88245	35.25354
1957.00000	42.80770	13.41300	45.04284
1958.00000	51.92333	10.65521	43.75193
1959.00000	47.30975	11.28286	53.45768
1960.00000	47.08651	15.25771	50.46310
1961.00000	45.04013	14.35844	53.72333
1962.00000	46.34238	13.40016	40.84516
1963.00000	44.48201	10.63613	35.43245
1964.00000	41.50544	11.65765	51.88695
1965.00000	45.00292	11.41930	35.82052
1966.00000	48.68635	9.83675	47.79029
1967.00000	42.24960	13.54982	32.29654
1968.00000	41.65428	13.38502	49.84305
1969.00000	47.64462	13.73521	30.38021
1970.00000	38.19398	8.85086	33.98112
1971.00000	41.50544	12.35428	43.03276
1972.00000	44.81689	14.26063	42.58208
1973.00000	49.39333	13.14159	39.57911
1974.00000	49.35613	12.36749	37.26958
1975.00000	42.10076	12.67967	51.48943
1976.00000	46.52841	15.53155	38.96677
1977.00000	47.12372	15.20278	50.06677
1978.00000	46.26797	14.48756	36.92771
1979.00000	42.51004	14.80158	55.00570
1980.00000	47.83065	15.70830	43.52656
1981.00000	50.36066	14.89876	31.65995
1982.00000	41.65428	9.18503	35.22078
1983.00000	44.10993	10.68507	38.54237
1984.00000	41.95194	11.01528	46.34148
1985.00000	45.18894	14.71703	45.47419
1986.00000	55.30913	11.38956	33.76776
1987.00000	42.17517	13.38391	52.32346
1988.00000	47.08649	14.10503	51.72331
1989.00000	45.30058	14.38068	53.34583
1990.00000	46.15634	15.73217	46.05229
1991.00000	47.38417	13.55124	47.97771
1992.00000	46.52841	13.60789	51.43081
1993.00000	50.21187	12.98946	43.97096
1994.00000	44.85410	13.20577	39.04052
1995.00000	49.95137	9.54527	50.47940
1996.00000	45.41220	14.21733	43.76276
1997.00000	43.99833	12.45919	32.07719
1998.00000	44.33316	13.49199	48.07523
1999.00000	45.22617	13.00150	48.81065
2000.00000	47.83064	13.21871	38.93693
2001.00000	51.10480	10.72458	45.88008
2002.00000	49.69092	13.36454	42.61953
2003.00000	46.82607	11.94237	36.20474
2004.00000	42.88210	12.88067	40.06039
2005.00000	43.32861	13.89542	45.36138
