Year		Latitude	Strength	NAO_index
1851.00000	43.96113	13.63588	61.72599
1852.00000	46.30517	15.01027	55.71979
1853.00000	47.97948	15.50156	53.74195
1854.00000	47.94226	13.33289	58.80768
1855.00000	45.07734	14.55992	42.77898
1856.00000	45.63545	12.73447	70.45891
1857.00000	63.11971	15.30476	63.92992
1858.00000	44.29598	15.41246	63.78752
1859.00000	45.37500	14.89971	61.81815
1860.00000	48.87244	14.47637	66.54167
1861.00000	46.93769	15.18244	68.07685
1862.00000	46.93769	15.71829	65.90841
1863.00000	46.23075	16.65596	58.86945
1864.00000	46.34238	15.63491	53.56857
1865.00000	43.21699	15.81214	72.12031
1866.00000	46.64003	13.97397	70.96380
1867.00000	50.88157	13.00027	64.66623
1868.00000	48.79802	16.33788	53.75182
1869.00000	47.16092	11.42335	62.88701
1870.00000	49.05848	12.13201	66.18818
1871.00000	49.35607	12.79110	62.21252
1872.00000	45.37500	14.14796	59.84424
1873.00000	44.63085	15.04997	70.03260
1874.00000	53.26279	15.05935	68.77112
1875.00000	49.54212	15.92963	59.98984
1876.00000	46.04472	15.05164	60.49055
1877.00000	43.10536	11.38926	44.09365
1878.00000	56.34831	10.72660	72.40148
1879.00000	49.39334	15.55560	60.08213
1880.00000	49.54216	14.35583	63.00287
1881.00000	50.28626	13.79258	58.25083
1882.00000	45.33779	15.46014	54.36573
1883.00000	41.72869	15.22912	66.71711
1884.00000	46.78886	16.94001	53.08547
1885.00000	49.61655	12.18135	70.41576
1886.00000	47.19813	13.89516	52.42310
1887.00000	44.37040	15.71160	68.58055
1888.00000	49.20730	16.11587	66.07049
1889.00000	42.36121	15.52535	56.73029
1890.00000	46.19355	11.39378	58.97581
1891.00000	44.25878	14.47563	57.25859
1892.00000	43.03095	15.56017	61.49482
1893.00000	43.73788	14.49593	65.04127
1894.00000	46.52841	16.11982	55.62406
1895.00000	45.89590	14.93248	47.29755
1896.00000	41.72867	14.01435	68.34221
1897.00000	49.20730	15.40591	54.35984
1898.00000	47.27253	15.11528	67.09963
1899.00000	53.30000	15.18798	71.37620
1900.00000	44.63086	15.98262	58.30086
1901.00000	43.77507	13.44127	60.60229
1902.00000	44.03554	14.13319	64.57529
1903.00000	46.04472	15.07319	63.28909
1904.00000	45.44941	13.89667	65.55732
1905.00000	48.20272	13.10636	66.33047
1906.00000	47.86783	16.03352	60.56773
1907.00000	45.56103	14.15324	63.19297
1908.00000	47.97947	14.55562	69.54680
1909.00000	47.90506	15.13598	70.22495
1910.00000	45.48662	16.22780	68.45174
1911.00000	51.88617	14.71096	58.89268
1912.00000	46.30517	12.11165	59.93510
1913.00000	46.45400	13.78581	46.95125
1914.00000	44.66805	12.91848	71.13276
1915.00000	49.50496	14.76847	61.54112
1916.00000	46.04471	13.35814	63.41612
1917.00000	46.23075	15.38182	60.78813
1918.00000	46.41679	15.53081	53.37245
1919.00000	47.97943	11.40764	64.91844
1920.00000	45.89588	12.44657	70.47359
1921.00000	49.09569	13.95451	56.98531
1922.00000	40.98454	14.86422	69.41219
1923.00000	48.05390	14.42932	48.33109
1924.00000	41.35661	11.72645	72.47031
1925.00000	43.32859	14.32709	61.87081
1926.00000	44.14716	15.24122	71.79594
1927.00000	47.27254	16.14088	57.77070
1928.00000	43.84951	13.51359	45.49190
1929.00000	41.05896	13.41635	63.74674
1930.00000	49.83979	13.06287	66.12498
1931.00000	49.65378	14.93440	62.51531
1932.00000	45.63544	16.68014	62.32117
1933.00000	46.26796	14.38724	62.68484
1934.00000	44.59365	13.91363	68.10248
1935.00000	51.14203	13.16503	64.16198
1936.00000	47.68180	13.94757	59.82427
1937.00000	46.52841	16.39431	55.55414
1938.00000	42.69608	13.58778	65.98552
1939.00000	48.23993	15.01907	60.96138
1940.00000	50.54672	13.08770	69.55906
1941.00000	47.94227	13.34222	64.10373
1942.00000	47.30976	14.68791	65.82201
1943.00000	47.71898	14.00315	59.98430
1944.00000	44.22157	16.84361	70.17104
1945.00000	47.01209	15.74564	58.28841
1946.00000	44.89131	14.68637	67.01602
1947.00000	45.00293	15.43138	65.25877
1948.00000	45.26338	14.45329	65.83820
1949.00000	49.65376	15.12233	71.79578
1950.00000	49.43053	15.28440	64.55463
1951.00000	44.55644	16.33671	65.79745
1952.00000	48.09109	13.59946	48.34799
1953.00000	41.50545	13.90429	64.29109
1954.00000	46.45400	15.49227	55.29227
1955.00000	45.85869	13.17458	54.30810
1956.00000	48.79797	12.78897	62.09063
1957.00000	47.68182	12.86836	68.36586
1958.00000	47.16092	15.35786	73.89787
1959.00000	50.73276	14.48088	60.33229
1960.00000	44.96572	13.91792	59.27252
1961.00000	47.64460	13.01989	68.81958
1962.00000	49.50493	15.19171	63.95813
1963.00000	45.07734	14.98133	61.20383
1964.00000	47.12372	14.49997	62.70841
1965.00000	48.20270	12.23430	68.15029
1966.00000	48.05390	14.64206	49.15870
1967.00000	45.04014	14.55156	60.71273
1968.00000	47.68182	14.39535	60.32763
1969.00000	49.54215	15.53066	66.83273
1970.00000	46.52840	15.06960	49.86297
1971.00000	44.74247	16.80072	69.55292
1972.00000	45.89590	14.48539	63.64289
1973.00000	45.07734	14.66498	61.34698
1974.00000	47.38414	14.28704	62.71167
1975.00000	47.34697	13.64736	66.97914
1976.00000	44.70527	16.69507	62.15984
1977.00000	47.79345	14.94238	60.17906
1978.00000	45.97030	12.39235	62.47213
1979.00000	46.23076	14.21459	69.00013
1980.00000	45.00293	18.15522	65.69482
1981.00000	44.14716	15.65596	50.16193
1982.00000	43.14257	10.98195	69.35854
1983.00000	50.76997	15.92080	48.64125
1984.00000	43.21699	14.17432	65.05427
1985.00000	43.81230	14.49032	67.30031
1986.00000	46.93769	16.11083	54.26612
1987.00000	42.47284	14.45544	66.89620
1988.00000	46.08193	16.04721	64.15031
1989.00000	45.26336	15.87266	73.79349
1990.00000	51.06764	15.93554	65.76477
1991.00000	46.56561	15.54689	54.45185
1992.00000	43.70068	16.26003	69.84662
1993.00000	49.54215	14.67715	59.63935
1994.00000	44.51923	16.29448	61.83919
1995.00000	47.23534	14.55433	65.87537
1996.00000	47.04931	14.21375	57.24802
1997.00000	45.26338	16.58079	64.70630
1998.00000	45.04014	15.55345	66.19477
1999.00000	47.23534	15.20623	45.13531
2000.00000	45.85869	13.43314	69.99294
2001.00000	46.97489	16.30059	68.96151
2002.00000	47.34696	15.63531	58.26414
2003.00000	45.70986	16.66511	49.51724
2004.00000	45.30058	13.70012	59.03537
2005.00000	58.13425	12.38608	56.88773
2006.00000	46.67723	13.73333	67.86318
2007.00000	44.70527	16.54969	69.37995
2008.00000	44.25879	16.90799	69.91367
2009.00000	49.43052	15.01672	71.39219
2010.00000	51.40248	16.61844	62.04112
2011.00000	45.63544	14.32739	63.95055
2012.00000	47.86783	14.03326	45.73596
