Year		Latitude	Strength	NAO_index
1851.00000	43.62626	10.91357	55.80607
1852.00000	48.94672	9.16019	65.05346
1853.00000	47.04930	9.09991	51.18471
1854.00000	40.31480	9.00571	58.28643
1855.00000	45.52382	8.52737	56.93873
1856.00000	43.44023	8.40200	53.53135
1857.00000	46.26781	6.75921	49.23547
1858.00000	44.92842	7.02388	43.27763
1859.00000	35.03135	10.40707	38.98456
1860.00000	44.66796	9.61742	54.36662
1861.00000	62.45013	8.16999	51.50888
1862.00000	42.80758	6.63039	54.69664
1863.00000	46.00743	8.90038	49.15836
1864.00000	33.31980	7.58688	50.75987
1865.00000	40.42643	11.04980	45.30646
1866.00000	59.95711	5.79197	56.75682
1867.00000	40.94728	9.86725	51.23477
1868.00000	53.89230	8.29466	52.16982
1869.00000	38.90092	10.20778	65.16531
1870.00000	42.54723	10.21551	50.05977
1871.00000	43.99819	8.99364	58.25516
1872.00000	55.11987	10.51069	59.07937
1873.00000	44.66801	9.00677	54.74620
1874.00000	45.33771	7.41597	60.63385
1875.00000	40.83570	7.86019	53.56537
1876.00000	47.97946	8.64447	53.85901
1877.00000	52.18376	8.84535	56.39713
1878.00000	54.48707	10.79831	46.32583
1879.00000	45.97022	6.67837	47.29138
1880.00000	60.51487	7.74787	59.02740
1881.00000	41.50543	9.48954	60.95310
1882.00000	52.44420	10.22713	52.60451
1883.00000	44.37036	10.18718	52.59328
1884.00000	42.77040	11.48972	63.99630
1885.00000	49.57931	9.52718	51.61398
1886.00000	40.09157	13.04345	44.63891
1887.00000	33.50584	7.30155	54.37201
1888.00000	44.40749	7.75877	60.18914
1889.00000	48.64916	7.21912	56.86901
1890.00000	72.30682	7.61862	49.29109
1891.00000	60.81277	7.65176	54.27172
1892.00000	48.09107	10.10054	63.79755
1893.00000	49.76530	8.66987	48.37562
1894.00000	39.23579	10.77004	48.37799
1895.00000	37.89632	9.78616	46.34576
1896.00000	35.03135	11.10873	49.19727
1897.00000	44.18435	11.68413	56.28763
1898.00000	46.11914	8.55701	58.19120
1899.00000	52.81283	9.95041	57.06023
1900.00000	44.22158	9.10397	53.24380
1901.00000	35.18018	7.82286	48.55737
1902.00000	54.26401	7.83550	51.48208
1903.00000	38.64047	11.08081	47.47451
1904.00000	54.18960	9.77706	42.03682
1905.00000	45.41208	6.33751	54.84917
1906.00000	51.32787	8.43686	59.77823
1907.00000	60.92440	8.43098	48.83112
1908.00000	40.72409	11.45317	53.39180
1909.00000	54.04113	7.48694	58.65341
1910.00000	42.54721	7.42909	55.99877
1911.00000	56.57413	6.78649	51.91477
1912.00000	44.70521	7.78892	45.15091
1913.00000	43.03085	10.99540	48.63412
1914.00000	48.09100	9.21728	60.48156
1915.00000	39.01252	9.26267	50.87781
1916.00000	39.86833	9.47511	66.45023
1917.00000	60.62655	9.26189	56.07648
1918.00000	42.73326	9.75592	59.74930
1919.00000	58.69176	9.91248	43.78885
1920.00000	39.16138	10.06989	48.84208
1921.00000	37.37543	7.92077	44.42998
1922.00000	40.98454	8.28105	58.79677
1923.00000	57.46375	11.74736	45.33867
1924.00000	38.41723	10.56069	61.66188
1925.00000	42.84490	9.75604	53.07133
1926.00000	38.78929	11.61525	54.28120
1927.00000	54.67292	8.02344	42.95044
1928.00000	39.79390	11.88699	58.93599
1929.00000	42.80759	10.06094	53.00458
1930.00000	39.90553	12.70397	54.67930
1931.00000	45.04007	7.75582	54.93190
1932.00000	57.79829	8.25071	56.14969
1933.00000	54.15211	7.94391	62.04742
1934.00000	43.73788	11.50239	37.62958
1935.00000	38.38001	10.51194	53.86242
1936.00000	53.92951	7.22060	48.09456
1937.00000	39.97994	9.92124	54.18703
1938.00000	47.49563	7.65650	62.14680
1939.00000	50.17461	9.75894	40.49461
1940.00000	50.61832	8.40855	55.06294
1941.00000	38.60327	10.53181	46.30242
1942.00000	38.00794	10.93932	64.35662
1943.00000	43.88671	10.49855	48.40109
1944.00000	38.67769	10.25669	53.79406
1945.00000	37.63587	10.57949	57.26201
1946.00000	48.72357	9.10209	61.78177
1947.00000	47.94221	8.75909	57.68013
1948.00000	54.34176	7.75163	48.48534
1949.00000	38.34281	8.34339	46.83148
1950.00000	38.97534	11.07697	41.67289
1951.00000	38.38003	9.66174	45.16391
1952.00000	37.22660	10.69595	37.48083
1953.00000	39.90543	8.53705	58.13596
1954.00000	42.36122	9.82540	62.07919
1955.00000	46.08188	10.94419	59.26674
1956.00000	46.23076	7.71280	59.75164
1957.00000	41.87746	11.09910	51.13599
1958.00000	39.86829	10.24163	56.25713
1959.00000	59.17564	7.96884	62.13068
1960.00000	51.29085	9.13882	65.98963
1961.00000	42.58443	9.27886	51.44669
1962.00000	38.11957	9.65588	60.25669
1963.00000	47.68177	10.12158	61.80877
1964.00000	39.68228	8.31533	50.50956
1965.00000	52.77636	7.75183	49.45213
1966.00000	38.78929	6.32752	70.09177
1967.00000	41.84031	8.67861	51.39060
1968.00000	41.46823	9.23029	57.69263
1969.00000	54.30457	11.41532	64.29826
1970.00000	46.04472	9.15618	54.97789
1971.00000	44.18434	10.41636	51.49760
1972.00000	39.49624	8.84717	66.29287
1973.00000	57.24383	8.50893	50.16695
1974.00000	35.25460	7.53022	53.06651
1975.00000	39.19859	10.66874	47.84875
1976.00000	56.19898	8.04575	53.18424
1977.00000	39.94273	10.01867	64.98206
1978.00000	46.19345	9.33162	57.36031
1979.00000	41.28220	8.63803	49.40992
1980.00000	41.76588	7.58717	44.17029
1981.00000	36.33361	8.30693	47.07206
1982.00000	39.38461	10.09123	61.00276
1983.00000	45.15168	7.90928	51.90516
1984.00000	37.89633	8.31286	64.12305
1985.00000	58.87761	9.41980	46.35081
1986.00000	38.78930	7.89109	49.42000
1987.00000	56.98019	8.29356	52.43279
1988.00000	61.48240	8.97627	48.32328
1989.00000	36.96614	10.18547	57.89469
1990.00000	61.59366	9.05302	44.03937
1991.00000	36.25920	11.67201	43.06237
1992.00000	37.59866	9.50458	65.68302
1993.00000	47.60741	10.05957	49.85953
1994.00000	45.41208	8.33603	50.95510
1995.00000	54.45004	8.78288	51.05669
1996.00000	39.27300	11.58537	51.86174
1997.00000	38.97534	10.18683	59.70544
1998.00000	39.38461	9.47558	53.54102
1999.00000	42.47279	8.57393	56.15107
2000.00000	37.74749	8.00419	51.06154
2001.00000	53.78032	10.95915	54.80742
2002.00000	38.41723	9.90205	63.19526
2003.00000	66.02185	8.16052	48.43951
2004.00000	38.52885	11.03453	59.78068
2005.00000	56.34821	9.76928	44.32245
