Year		Latitude	Strength	NAO_index
1851.00000	40.76130	10.83915	56.71523
1852.00000	40.42642	10.05659	61.85370
1853.00000	44.07275	12.32823	41.28016
1854.00000	37.82190	10.92211	52.94875
1855.00000	41.87750	9.91865	36.84331
1856.00000	34.84531	8.18375	42.89344
1857.00000	61.33313	6.03934	36.56109
1858.00000	40.64968	10.74649	48.84328
1859.00000	39.42183	9.42139	50.25221
1860.00000	44.33315	10.04115	51.76323
1861.00000	46.45390	9.90284	34.04490
1862.00000	38.26836	9.30949	54.99422
1863.00000	44.18430	9.98169	47.71615
1864.00000	44.81685	9.33462	41.48779
1865.00000	44.96569	11.07764	35.05484
1866.00000	41.35662	11.55684	40.96305
1867.00000	44.77962	11.81183	57.91659
1868.00000	46.67724	12.65746	44.71969
1869.00000	43.32852	8.84709	50.17023
1870.00000	42.91931	11.59832	42.53440
1871.00000	45.04004	10.19530	51.54377
1872.00000	41.57986	11.87123	39.14109
1873.00000	38.23118	9.30025	53.09529
1874.00000	45.48658	9.06783	43.98216
1875.00000	38.78930	8.96352	46.27713
1876.00000	36.96615	10.05938	44.95154
1877.00000	43.70064	8.98928	54.45513
1878.00000	58.65388	10.42356	43.74052
1879.00000	41.17056	6.96870	46.24570
1880.00000	45.85864	11.15824	37.40273
1881.00000	36.78010	11.71822	55.44537
1882.00000	50.43509	9.29244	51.61646
1883.00000	43.29138	11.11905	56.36609
1884.00000	48.05380	10.41493	36.59570
1885.00000	46.04465	10.63191	55.29844
1886.00000	44.59364	10.67424	51.40638
1887.00000	41.98913	12.62206	45.67961
1888.00000	48.57474	8.78734	49.43956
1889.00000	46.37955	9.48916	35.38143
1890.00000	36.25920	13.59537	26.59315
1891.00000	54.30113	9.69160	22.34065
1892.00000	35.25460	11.53228	49.64245
1893.00000	45.00293	7.66439	46.76034
1894.00000	42.99374	10.20052	49.82682
1895.00000	41.57985	9.26740	52.74412
1896.00000	46.23074	11.27771	59.39297
1897.00000	47.27255	11.61107	42.50018
1898.00000	43.47732	7.91762	52.53799
1899.00000	52.36982	11.00423	48.80023
1900.00000	37.37542	7.94128	35.98906
1901.00000	38.64048	11.19833	48.64281
1902.00000	41.57986	11.90894	49.26216
1903.00000	44.74246	9.36485	49.28992
1904.00000	40.83570	9.70841	49.06081
1905.00000	46.71443	9.06328	55.70292
1906.00000	48.31428	10.19796	51.91193
1907.00000	41.72868	13.73380	47.40904
1908.00000	42.13797	10.89067	54.13188
1909.00000	53.70925	8.19590	42.67484
1910.00000	47.49569	8.81192	55.91500
1911.00000	45.22609	10.29803	34.78794
1912.00000	39.04970	5.07413	52.67607
1913.00000	44.03554	9.47472	49.00912
1914.00000	44.10993	12.75626	54.31627
1915.00000	41.72865	9.11686	49.33002
1916.00000	44.70527	9.61063	62.80385
1917.00000	49.69095	11.93494	45.92927
1918.00000	45.56100	10.20155	54.56664
1919.00000	51.32803	8.57124	45.35526
1920.00000	39.90553	9.96946	37.24659
1921.00000	41.35660	11.57103	48.21992
1922.00000	47.38416	9.04795	46.25526
1923.00000	51.91957	9.41730	37.96984
1924.00000	34.32440	8.02318	53.77172
1925.00000	43.21693	10.21854	43.26971
1926.00000	41.39382	8.84296	58.70211
1927.00000	49.69098	11.33629	24.27135
1928.00000	34.80810	9.25664	55.41799
1929.00000	41.95193	10.16459	53.40383
1930.00000	46.45390	9.96961	56.85588
1931.00000	48.31431	10.09500	48.53065
1932.00000	44.22148	9.50033	58.38016
1933.00000	46.00751	11.42112	51.55828
1934.00000	40.64966	11.30727	41.12427
1935.00000	40.27760	11.04470	45.48828
1936.00000	45.37499	8.92780	45.91326
1937.00000	46.67723	10.95557	44.77266
1938.00000	39.27300	11.92200	44.45833
1939.00000	41.54266	11.72667	30.92797
1940.00000	38.86371	7.58472	35.89487
1941.00000	39.19859	9.24441	48.08471
1942.00000	48.12826	10.98641	45.18328
1943.00000	43.29137	12.42886	51.66748
1944.00000	44.07273	13.50755	51.01344
1945.00000	46.23075	9.43599	48.46151
1946.00000	41.76590	13.63142	42.93359
1947.00000	36.59407	8.78721	33.47612
1948.00000	41.31940	10.82074	47.71995
1949.00000	38.15676	10.59148	49.60792
1950.00000	45.00293	9.76233	37.62932
1951.00000	45.74696	9.11605	45.68362
1952.00000	38.82652	8.85716	32.93075
1953.00000	47.16087	7.59701	52.98607
1954.00000	44.89129	10.51044	41.43987
1955.00000	37.82191	10.06013	53.00021
1956.00000	47.27250	13.22073	35.52432
1957.00000	48.72348	6.35485	41.40581
1958.00000	38.78931	12.24497	40.84094
1959.00000	43.06816	9.24398	41.20573
1960.00000	35.73830	10.45795	41.46240
1961.00000	45.56093	9.85510	49.55203
1962.00000	48.98405	9.64465	45.71823
1963.00000	42.91931	9.35527	37.63646
1964.00000	40.87292	12.01062	44.91732
1965.00000	43.25417	9.34448	37.74831
1966.00000	38.45443	10.32825	51.14088
1967.00000	46.64003	13.20924	42.63998
1968.00000	46.34238	9.83876	51.03672
1969.00000	56.49972	9.27749	39.84784
1970.00000	41.54266	10.42881	56.42055
1971.00000	43.96113	12.81775	51.43060
1972.00000	43.62614	8.69901	51.73852
1973.00000	41.31941	13.52032	53.61701
1974.00000	47.23532	11.72664	47.39258
1975.00000	44.51920	8.76145	41.99273
1976.00000	35.84992	10.24259	44.90023
1977.00000	46.37958	9.85120	44.77716
1978.00000	40.20319	8.64888	52.09987
1979.00000	39.45903	10.66576	51.19331
1980.00000	42.36121	13.30622	40.78096
1981.00000	41.69148	11.98315	38.39586
1982.00000	39.45904	8.06720	35.18531
1983.00000	42.88201	11.51162	53.63912
1984.00000	46.04471	8.55843	44.51102
1985.00000	43.66347	11.71287	42.03039
1986.00000	37.78470	11.89006	51.30526
1987.00000	45.89583	8.32719	58.61299
1988.00000	45.93310	7.83971	54.41500
1989.00000	49.28171	11.64531	54.42992
1990.00000	53.15113	10.27646	41.19917
1991.00000	41.95193	9.07197	53.58992
1992.00000	46.75165	12.78320	38.28393
1993.00000	38.45444	12.74955	50.39768
1994.00000	45.18887	11.23363	52.48969
1995.00000	44.22156	12.21014	31.18880
1996.00000	38.64048	12.30885	42.39451
1997.00000	47.08639	10.80127	39.60060
1998.00000	37.15218	11.41275	58.19307
1999.00000	49.46772	10.62132	39.50911
2000.00000	42.06356	11.16215	42.22576
2001.00000	39.86830	9.59767	48.67305
2002.00000	47.30973	10.18638	38.15490
2003.00000	41.43092	7.44972	45.88412
2004.00000	38.86372	12.15003	59.73292
2005.00000	47.64461	11.53146	58.20049
