Year		Latitude	Strength	NAO_index
1851.00000	49.72815	10.22880	39.22216
1852.00000	50.28629	11.86325	31.88542
1853.00000	48.09110	9.54005	41.42508
1854.00000	50.50951	10.42977	36.45396
1855.00000	42.95653	10.49174	29.31740
1856.00000	39.45905	10.58424	49.24956
1857.00000	51.32805	11.46624	42.99234
1858.00000	54.15574	11.55438	33.39729
1859.00000	51.77450	8.85337	38.59518
1860.00000	44.10995	10.19766	36.52440
1861.00000	47.23532	9.95128	47.13565
1862.00000	48.57476	10.97878	35.94497
1863.00000	52.22098	10.53999	40.16505
1864.00000	48.68636	9.40894	41.73984
1865.00000	52.29539	10.35296	39.30255
1866.00000	52.33259	8.99901	40.17602
1867.00000	53.22558	9.39344	33.03654
1868.00000	45.48657	12.08467	39.68831
1869.00000	43.88669	9.10824	13.65411
1870.00000	41.17056	12.19455	44.60948
1871.00000	46.41679	12.63078	32.75800
1872.00000	49.13285	9.80704	46.20586
1873.00000	52.70466	11.32903	48.55208
1874.00000	49.95142	13.61817	39.29794
1875.00000	48.12830	9.28234	45.29474
1876.00000	50.10026	11.13104	44.96193
1877.00000	46.08193	12.03498	44.07508
1878.00000	49.31891	9.98782	41.90404
1879.00000	48.72361	9.86867	41.86221
1880.00000	56.46251	10.80074	28.80000
1881.00000	42.36122	9.15423	43.65930
1882.00000	48.27711	11.08061	41.68044
1883.00000	47.34697	10.72739	43.14422
1884.00000	51.99777	10.96902	44.40505
1885.00000	53.26279	11.22467	29.64852
1886.00000	48.90959	10.35328	42.81737
1887.00000	48.42596	11.79350	35.58568
1888.00000	48.42596	10.55617	43.63287
1889.00000	48.72362	12.31825	37.57133
1890.00000	45.67265	9.15265	34.24417
1891.00000	46.11913	10.71805	48.09453
1892.00000	44.03550	10.72492	45.43396
1893.00000	52.66749	11.42002	42.53833
1894.00000	45.48662	9.35458	39.44638
1895.00000	44.55643	10.75534	30.38617
1896.00000	57.31823	7.47748	25.65425
1897.00000	49.20716	8.54877	32.87021
1898.00000	43.44022	6.32252	34.40135
1899.00000	45.48662	8.97020	49.81708
1900.00000	52.48145	13.30363	34.90206
1901.00000	41.09616	10.18226	41.00307
1902.00000	48.31433	9.21797	37.29857
1903.00000	52.66746	9.89739	51.18742
1904.00000	50.76994	10.98486	46.13526
1905.00000	45.26338	10.47923	43.04760
1906.00000	50.43508	10.00543	39.43604
1907.00000	44.25879	12.33744	40.92375
1908.00000	55.79281	11.79066	34.72841
1909.00000	49.65376	11.10348	41.94862
1910.00000	46.97490	11.08033	38.38432
1911.00000	45.70986	13.10213	48.52912
1912.00000	52.55585	10.19890	45.99820
1913.00000	53.37440	9.33867	42.68276
1914.00000	49.13289	11.27013	31.35638
1915.00000	50.76981	6.80300	41.14443
1916.00000	46.78886	11.85144	43.28500
1917.00000	47.23527	8.96505	35.00187
1918.00000	50.62111	9.29939	31.40268
1919.00000	51.88614	10.98428	42.94599
1920.00000	50.17465	9.69949	44.18417
1921.00000	48.90961	10.05291	25.13904
1922.00000	46.49114	9.59235	43.29646
1923.00000	47.08651	12.29079	43.55083
1924.00000	51.81174	10.18209	41.10995
1925.00000	47.16092	10.60159	39.46594
1926.00000	51.47688	12.72459	19.69716
1927.00000	47.60738	11.35034	41.81969
1928.00000	53.67207	9.72397	41.25373
1929.00000	50.10024	11.52146	42.34958
1930.00000	48.38875	10.02311	37.84427
1931.00000	51.03038	9.89757	42.99252
1932.00000	47.08652	11.54409	44.15424
1933.00000	51.81174	9.89575	46.95294
1934.00000	51.99776	11.44051	46.46815
1935.00000	51.06762	10.85840	45.84625
1936.00000	53.03957	11.49861	38.53945
1937.00000	47.30974	11.05125	29.66458
1938.00000	44.03551	8.22554	45.80966
1939.00000	50.39790	12.22459	47.70648
1940.00000	46.08193	12.50585	39.70807
1941.00000	51.03038	9.91173	42.07836
1942.00000	50.39789	11.57580	30.84107
1943.00000	48.01664	10.18312	15.46615
1944.00000	43.47731	9.27487	43.71162
1945.00000	46.04472	11.81071	40.09359
1946.00000	50.47230	8.97019	41.63123
1947.00000	47.38415	9.76693	36.80253
1948.00000	49.28171	9.85629	44.86271
1949.00000	46.15633	9.70870	38.87490
1950.00000	49.35613	10.78046	45.15427
1951.00000	47.01210	10.56976	25.52885
1952.00000	41.76588	10.04195	48.87677
1953.00000	48.46317	12.80243	25.56893
1954.00000	42.24959	8.90900	23.67721
1955.00000	48.68629	8.32984	46.82333
1956.00000	46.34238	11.22530	45.18323
1957.00000	48.98406	10.79253	50.36453
1958.00000	50.24907	11.90786	39.37940
1959.00000	49.28166	11.70581	33.25643
1960.00000	43.21698	8.34449	41.14250
1961.00000	49.46775	10.05310	54.66240
1962.00000	52.40704	12.20171	34.40471
1963.00000	48.90965	10.76793	37.41901
1964.00000	52.07212	7.77660	45.42190
1965.00000	44.85408	10.08461	44.62135
1966.00000	50.24903	10.65802	49.30568
1967.00000	55.12310	12.28681	34.45247
1968.00000	51.32805	10.60706	45.13797
1969.00000	51.84896	11.03136	52.22208
1970.00000	51.10481	10.87487	34.20805
1971.00000	49.05844	9.67455	40.11331
1972.00000	51.17921	10.98147	40.94354
1973.00000	53.41158	10.57976	35.56609
1974.00000	45.63545	9.79737	32.79607
1975.00000	58.39719	7.28569	32.98961
1976.00000	45.04014	10.62167	39.68143
1977.00000	50.80717	9.30770	38.77672
1978.00000	50.02579	10.87030	40.16721
1979.00000	49.72818	10.50227	31.76719
1980.00000	44.07275	9.59746	42.24984
1981.00000	49.87701	12.42939	39.67974
1982.00000	47.53298	11.25761	44.77750
1983.00000	45.41220	9.70402	42.67240
1984.00000	49.43050	11.84647	46.77083
1985.00000	46.90048	10.82791	30.97633
1986.00000	45.18893	10.01361	44.01188
1987.00000	52.89070	8.74173	36.07148
1988.00000	42.58445	12.39247	30.70281
1989.00000	39.94273	7.49092	32.44878
1990.00000	47.04922	7.62258	38.09669
1991.00000	48.09108	11.86624	52.72414
1992.00000	48.20271	11.97852	32.27964
1993.00000	46.26795	9.05058	40.15823
1994.00000	43.96108	10.34133	51.09713
1995.00000	51.51409	12.38866	47.88318
1996.00000	51.10484	11.56519	36.79435
1997.00000	46.08192	10.84612	41.56544
1998.00000	49.87702	10.27736	36.06419
1999.00000	42.77046	8.73309	32.65589
2000.00000	44.59365	11.48706	39.68065
2001.00000	47.71902	11.48430	43.32162
2002.00000	47.57020	11.92673	36.55925
2003.00000	47.42136	9.45579	42.70412
2004.00000	44.18436	12.01137	28.75492
2005.00000	50.54671	8.34124	24.94302
