Year		Latitude	Strength	NAO_index
1851.00000	49.46772	10.22807	69.55948
1852.00000	35.18014	8.74592	57.80854
1853.00000	37.71028	10.96048	72.24516
1854.00000	46.45400	9.85682	75.14135
1855.00000	45.70980	10.56012	60.20323
1856.00000	42.17516	9.71212	68.53625
1857.00000	42.02634	12.84389	60.91919
1858.00000	39.71949	11.74707	52.22680
1859.00000	39.64508	11.21879	50.65776
1860.00000	40.87292	10.59922	71.87502
1861.00000	42.69606	13.19960	68.33891
1862.00000	43.14256	10.78704	60.96388
1863.00000	47.97941	10.43591	67.93607
1864.00000	43.21697	11.91138	64.95109
1865.00000	39.19859	10.46541	62.09537
1866.00000	43.55185	9.48687	57.80221
1867.00000	38.90093	13.92889	61.80094
1868.00000	45.30056	8.53086	61.57162
1869.00000	40.68685	12.26123	63.52495
1870.00000	43.88664	11.96586	81.58404
1871.00000	47.53299	12.97635	54.20323
1872.00000	44.18431	10.84956	71.34562
1873.00000	50.10024	10.74562	74.05750
1874.00000	47.12371	11.33339	68.59505
1875.00000	46.11913	12.04937	69.91586
1876.00000	38.34281	9.00181	66.37463
1877.00000	40.53805	10.31678	44.33221
1878.00000	41.91473	11.55530	60.96049
1879.00000	38.56605	11.55793	73.74948
1880.00000	49.72808	9.70726	65.83635
1881.00000	44.10996	12.15048	61.80534
1882.00000	43.17978	11.04386	56.66995
1883.00000	37.41259	9.90761	70.24877
1884.00000	44.44478	10.81910	65.84745
1885.00000	44.77968	12.39632	51.53977
1886.00000	41.43094	10.96517	78.66826
1887.00000	46.23076	13.95712	67.65492
1888.00000	50.65831	9.51241	69.60880
1889.00000	41.02175	13.50991	82.14370
1890.00000	53.93251	14.13233	55.98279
1891.00000	42.65887	10.65261	71.57937
1892.00000	44.51918	11.49479	77.91682
1893.00000	45.48655	13.58969	69.25435
1894.00000	40.76129	11.81053	66.48299
1895.00000	41.39382	11.32792	76.47823
1896.00000	48.98405	11.67078	73.84685
1897.00000	63.37330	9.43650	72.76469
1898.00000	46.49114	10.58749	75.46846
1899.00000	47.04925	12.50518	63.85758
1900.00000	38.30557	11.95958	54.14690
1901.00000	33.72908	7.33067	61.10945
1902.00000	39.34742	12.71708	70.27664
1903.00000	59.24740	10.40021	74.73531
1904.00000	52.63029	10.42700	75.71719
1905.00000	46.56559	11.95387	68.44083
1906.00000	46.30517	11.29455	73.47984
1907.00000	45.52379	11.33620	64.02385
1908.00000	43.14257	9.63604	68.70701
1909.00000	42.36116	10.33584	56.83443
1910.00000	42.21237	9.04669	64.42859
1911.00000	41.65427	11.53402	58.14060
1912.00000	43.25417	11.05331	67.15365
1913.00000	43.84949	11.72047	70.68078
1914.00000	45.04010	10.32416	67.66956
1915.00000	50.21185	11.35717	40.73742
1916.00000	34.91973	9.82280	61.97159
1917.00000	42.24953	12.04470	71.77263
1918.00000	52.70468	10.52088	63.07112
1919.00000	47.27251	10.82447	60.42508
1920.00000	38.30561	11.06139	49.97576
1921.00000	38.38003	13.85517	61.21490
1922.00000	42.32401	12.62734	71.78797
1923.00000	40.72408	12.33397	62.88273
1924.00000	45.67265	12.29482	69.03055
1925.00000	45.93306	9.10497	57.17385
1926.00000	38.41723	8.94301	79.82604
1927.00000	47.42138	10.93866	73.22380
1928.00000	50.43510	12.18180	56.44588
1929.00000	43.21696	9.11580	58.83081
1930.00000	38.75210	11.61185	72.39216
1931.00000	50.02583	10.86715	67.66680
1932.00000	49.39323	9.26635	65.14641
1933.00000	47.08650	11.07804	75.18135
1934.00000	44.77962	11.29327	60.91271
1935.00000	44.89131	10.25156	71.13708
1936.00000	41.72865	9.41762	45.72057
1937.00000	39.57065	9.89897	69.42596
1938.00000	51.29086	12.32220	73.13698
1939.00000	45.22616	12.22025	57.47013
1940.00000	43.06815	10.42084	56.79323
1941.00000	43.81225	10.61763	55.75495
1942.00000	42.32399	12.30784	63.39224
1943.00000	53.43808	8.81956	61.37794
1944.00000	42.69607	10.82380	67.44456
1945.00000	41.61706	9.92202	65.26102
1946.00000	46.60280	9.94848	65.33430
1947.00000	41.02175	13.97992	72.19031
1948.00000	42.02633	9.81334	63.43578
1949.00000	48.87238	9.61911	60.95766
1950.00000	39.53344	10.03876	52.73873
1951.00000	42.24951	8.70307	62.87188
1952.00000	44.81689	12.34204	57.68219
1953.00000	43.96107	11.48427	73.65742
1954.00000	46.52835	11.53762	60.19281
1955.00000	47.94222	8.60608	77.21568
1956.00000	44.07271	12.73079	47.29888
1957.00000	37.48704	10.39207	59.41044
1958.00000	38.90092	8.43484	60.85034
1959.00000	42.88212	11.30564	56.51242
1960.00000	42.47282	11.58376	67.25612
1961.00000	41.50537	9.88216	76.90669
1962.00000	49.24444	12.97957	62.08373
1963.00000	46.19352	10.01810	58.35375
1964.00000	42.99367	11.04951	65.90120
1965.00000	47.68178	11.94870	68.52555
1966.00000	42.84491	13.03183	68.65185
1967.00000	48.94679	9.67591	67.77479
1968.00000	42.47281	11.46004	56.43242
1969.00000	42.39842	10.11445	58.90875
1970.00000	38.93813	14.23761	56.17688
1971.00000	42.06356	11.32326	67.20690
1972.00000	44.14716	11.99966	62.32922
1973.00000	42.84491	9.58266	63.98013
1974.00000	42.73329	11.04126	57.96552
1975.00000	40.94733	11.90519	69.81508
1976.00000	45.41219	11.52380	55.56112
1977.00000	40.50080	8.92884	48.14760
1978.00000	39.31021	8.06867	64.22583
1979.00000	43.29139	11.70758	60.67752
1980.00000	42.80768	11.66006	67.11586
1981.00000	42.39842	9.56644	75.74917
1982.00000	50.32349	13.34499	67.61674
1983.00000	48.87243	11.51066	71.83617
1984.00000	47.45856	11.93895	76.22073
1985.00000	47.42132	11.72646	58.69292
1986.00000	47.16086	9.62489	57.56281
1987.00000	39.60786	10.08499	62.76823
1988.00000	51.70011	8.72799	68.91581
1989.00000	47.53298	11.98780	69.44669
1990.00000	45.30058	11.75967	59.40005
1991.00000	46.15628	8.88687	59.21693
1992.00000	40.01714	11.62341	65.50781
1993.00000	45.44940	11.65812	63.94713
1994.00000	46.52840	13.48259	82.04136
1995.00000	49.35613	13.01227	54.32352
1996.00000	38.56606	8.61189	71.63922
1997.00000	45.44941	12.30690	61.17088
1998.00000	50.95599	9.68734	69.28174
1999.00000	45.70986	12.48454	70.48146
2000.00000	44.92851	11.52098	70.03502
2001.00000	53.41159	8.53219	61.56123
2002.00000	42.80770	10.52694	50.83195
2003.00000	42.02635	12.74479	74.92719
2004.00000	49.50493	13.76497	73.22052
2005.00000	47.08652	12.54234	65.15367
