Year		Latitude	Strength	NAO_index
1851.00000	38.45444	9.32673	78.10169
1852.00000	51.47690	12.23763	47.23471
1853.00000	39.68226	10.64332	63.09227
1854.00000	45.93310	11.86585	49.38484
1855.00000	50.43501	6.64723	54.85359
1856.00000	45.15165	6.49734	65.16219
1857.00000	44.25878	12.18706	50.91609
1858.00000	49.54038	7.95455	48.06086
1859.00000	33.87791	10.38905	59.77771
1860.00000	56.08782	6.91055	57.08724
1861.00000	40.50084	10.23930	62.04164
1862.00000	43.92386	7.07690	78.49409
1863.00000	46.60279	10.99715	71.14305
1864.00000	40.35198	10.34138	52.08461
1865.00000	44.37033	9.52234	52.15745
1866.00000	39.38462	10.74481	46.82451
1867.00000	45.26328	10.33277	48.83060
1868.00000	37.74750	7.94412	42.95052
1869.00000	35.44063	10.12881	56.91971
1870.00000	60.81229	8.27504	62.58654
1871.00000	44.51923	10.43687	55.90242
1872.00000	40.20319	11.39210	70.66615
1873.00000	63.86262	9.81772	58.97260
1874.00000	44.14716	7.63722	57.40537
1875.00000	45.15164	8.07337	48.83799
1876.00000	42.28671	10.11272	66.52260
1877.00000	42.88207	8.21479	50.05854
1878.00000	44.29592	7.07330	50.65487
1879.00000	44.40747	7.72115	65.78732
1880.00000	52.03498	9.83455	69.45716
1881.00000	47.97942	10.88304	57.74646
1882.00000	49.91417	8.73983	61.39018
1883.00000	40.64964	9.77077	60.50724
1884.00000	43.32860	9.91426	50.51945
1885.00000	41.57981	9.84542	63.31682
1886.00000	51.17920	9.15846	64.82615
1887.00000	48.12825	10.10635	55.81630
1888.00000	46.49111	8.15805	53.26135
1889.00000	43.40291	10.89257	40.93435
1890.00000	34.88250	7.91638	58.24927
1891.00000	42.95651	9.77321	64.27623
1892.00000	44.96570	11.17371	56.83002
1893.00000	39.42182	11.07784	49.72427
1894.00000	38.34282	12.37269	47.08227
1895.00000	35.88712	8.40620	61.45562
1896.00000	44.89125	7.07846	61.13500
1897.00000	45.00280	8.01196	49.80469
1898.00000	44.07268	11.72546	66.49880
1899.00000	42.58444	10.76232	52.64245
1900.00000	36.55686	11.04686	50.53693
1901.00000	37.74750	9.30033	58.31846
1902.00000	47.86773	7.44051	72.24537
1903.00000	47.30973	10.12357	55.00417
1904.00000	54.23006	7.74966	65.99906
1905.00000	42.13794	7.41408	61.85713
1906.00000	42.13797	8.46833	63.04846
1907.00000	47.27247	12.23662	54.33029
1908.00000	39.19858	9.94476	53.91005
1909.00000	43.36578	10.53239	54.17216
1910.00000	40.20319	12.48441	51.01737
1911.00000	38.90093	11.84467	65.58078
1912.00000	54.23015	8.07571	50.12977
1913.00000	37.56146	9.49925	44.55588
1914.00000	46.26785	7.83101	54.17732
1915.00000	47.38406	10.20991	49.27388
1916.00000	35.55226	12.73361	57.95557
1917.00000	44.10990	8.62432	55.12831
1918.00000	49.28158	9.29978	56.33568
1919.00000	49.46769	8.75343	45.66768
1920.00000	33.91512	8.69297	58.93594
1921.00000	45.15176	9.66646	53.06659
1922.00000	35.25460	8.19992	49.89781
1923.00000	41.43096	9.54737	50.73180
1924.00000	46.37943	7.10681	60.34674
1925.00000	55.56954	7.73901	59.08195
1926.00000	41.95186	9.26227	57.09380
1927.00000	41.17057	9.30606	50.35365
1928.00000	40.83571	11.11168	62.21867
1929.00000	49.87699	8.12051	57.19713
1930.00000	45.59819	11.51240	59.56625
1931.00000	47.53299	10.42896	61.03799
1932.00000	44.48200	8.45845	55.07208
1933.00000	41.65427	9.63588	60.97893
1934.00000	49.05845	11.24412	61.70127
1935.00000	40.64968	10.91164	61.26323
1936.00000	48.01659	9.69569	57.62703
1937.00000	62.99873	6.13146	51.22177
1938.00000	52.55587	6.38567	54.32266
1939.00000	44.03550	9.38076	60.15294
1940.00000	43.10526	8.92138	57.60060
1941.00000	42.06354	10.82669	63.51677
1942.00000	48.31428	9.90997	60.76498
1943.00000	44.55644	11.37184	57.47687
1944.00000	43.73774	7.96796	58.58482
1945.00000	45.56097	9.25523	57.68255
1946.00000	45.67258	9.77001	61.47898
1947.00000	45.67265	11.26191	50.57258
1948.00000	40.27758	10.47333	66.66568
1949.00000	49.17006	9.86272	63.02417
1950.00000	46.63998	8.75140	50.68375
1951.00000	44.37034	10.42209	58.05427
1952.00000	41.28218	11.04526	51.95424
1953.00000	46.52835	7.96400	63.78146
1954.00000	44.89130	10.25998	58.63854
1955.00000	43.36580	8.40472	55.17992
1956.00000	51.03029	9.44389	52.83234
1957.00000	45.26318	7.38424	54.75198
1958.00000	46.71439	10.21847	64.48021
1959.00000	45.89588	7.10081	54.30630
1960.00000	47.57013	9.42015	56.66484
1961.00000	46.00742	6.53613	61.12013
1962.00000	43.51461	11.05504	49.30083
1963.00000	42.43557	6.10581	51.69164
1964.00000	44.33317	9.98048	60.31698
1965.00000	48.90959	12.35882	64.14578
1966.00000	49.76535	8.73828	59.38927
1967.00000	43.92392	6.84008	64.30307
1968.00000	45.67259	9.41990	64.27065
1969.00000	39.86830	11.38806	69.21581
1970.00000	45.97030	11.74962	54.72208
1971.00000	42.95640	6.64603	41.43904
1972.00000	41.02171	11.85051	66.96013
1973.00000	42.10075	8.77088	59.80016
1974.00000	43.55172	9.19401	61.95177
1975.00000	44.22154	11.01910	62.58292
1976.00000	46.41676	10.21072	63.62365
1977.00000	42.06353	12.38493	56.16271
1978.00000	39.34742	10.34441	52.13448
1979.00000	41.24498	10.54329	53.28162
1980.00000	38.11957	12.40752	43.07083
1981.00000	34.77090	10.67932	47.06865
1982.00000	40.68688	11.23721	58.48406
1983.00000	35.06856	10.05035	54.71690
1984.00000	49.20718	9.16947	52.00974
1985.00000	37.78470	11.69761	59.78940
1986.00000	42.47284	13.22017	62.12977
1987.00000	40.01714	11.20425	53.77641
1988.00000	40.20317	9.11030	67.23990
1989.00000	47.79341	11.79373	55.07498
1990.00000	38.00795	11.05484	73.08000
1991.00000	44.96572	11.28447	72.08534
1992.00000	49.28166	11.33301	55.83912
1993.00000	45.26327	9.60057	52.39302
1994.00000	41.24498	10.23102	48.22435
1995.00000	36.40801	8.35950	55.88193
1996.00000	39.97995	12.74665	63.40435
1997.00000	46.90040	9.95462	65.59859
1998.00000	43.77505	10.29427	73.34234
1999.00000	49.20730	12.15599	64.81375
2000.00000	50.32349	8.69954	60.54234
2001.00000	44.85406	10.02519	65.43870
2002.00000	43.14253	10.88741	65.88846
2003.00000	42.28680	10.18479	54.56904
2004.00000	43.96103	9.43342	50.15557
2005.00000	37.30101	9.90869	62.03096
