Year		Latitude	Strength	NAO_index
1860.00000	43.44018	8.51939	37.06669
1861.00000	44.77969	11.36713	45.30781
1862.00000	37.48704	7.11158	27.68732
1863.00000	43.32855	10.16659	35.51953
1864.00000	35.14297	13.61692	21.00974
1865.00000	46.78885	12.96113	54.22742
1866.00000	46.19343	9.24909	34.38930
1867.00000	45.97018	7.30809	36.18995
1868.00000	48.12818	7.22379	36.72120
1869.00000	44.10992	12.95159	42.49498
1870.00000	34.28720	8.05132	20.75422
1871.00000	39.34742	10.05557	32.13513
1872.00000	44.59361	10.58947	35.42557
1873.00000	41.28210	9.88104	28.96325
1874.00000	46.52833	10.13327	41.38982
1875.00000	46.71434	10.46583	37.54211
1876.00000	39.97993	7.22544	33.35227
1877.00000	46.45387	7.83266	39.26708
1878.00000	47.19804	9.06185	31.24599
1879.00000	47.64462	8.96528	43.35727
1880.00000	50.36069	11.05719	46.72268
1881.00000	36.33361	8.95671	29.68516
1882.00000	44.70517	8.95115	32.45792
1883.00000	34.69648	8.25134	26.74310
1884.00000	36.22198	7.19612	22.24185
1885.00000	38.34282	10.48229	36.00422
1886.00000	43.40300	10.47002	34.93714
1887.00000	45.37484	6.50459	30.03635
1888.00000	46.08186	7.24513	35.07586
1889.00000	38.90094	12.29000	27.26253
1890.00000	40.91012	11.04639	37.46675
1891.00000	47.90499	11.23613	45.95641
1892.00000	41.24491	6.53579	25.75245
1893.00000	40.50085	11.17644	33.56018
1894.00000	41.57976	10.29595	23.32490
1895.00000	44.07270	11.78610	39.89445
1896.00000	41.24500	10.29405	37.91596
1897.00000	33.58025	8.72889	17.49742
1898.00000	43.06811	9.80075	36.24203
1899.00000	36.89173	8.74817	31.20852
1900.00000	48.42595	10.69959	46.49156
1901.00000	44.66796	8.73552	36.65700
1902.00000	35.84992	11.80833	25.51565
1903.00000	42.06342	10.29811	19.04763
1904.00000	52.29542	11.19455	54.98854
1905.00000	55.90443	7.63970	40.33776
1906.00000	40.46364	11.65123	36.60167
1907.00000	38.78931	9.99538	34.65836
1908.00000	43.25418	10.46224	39.70969
1909.00000	44.25868	10.04593	30.19203
1910.00000	56.23927	8.85967	32.72432
1911.00000	44.33306	8.74007	32.77107
1912.00000	41.02159	8.69882	22.94620
1913.00000	41.61706	9.76924	28.50773
1914.00000	41.05894	9.09831	37.51458
1915.00000	45.15169	7.91756	29.83977
1916.00000	38.08236	9.98858	30.48044
1917.00000	42.06354	9.68561	33.34828
1918.00000	48.35146	11.23852	41.50664
1919.00000	46.04472	8.85294	43.07448
1920.00000	43.62626	12.39116	42.02656
1921.00000	42.43562	10.58176	36.31036
1922.00000	31.86870	9.24838	17.37581
1923.00000	43.99832	11.12717	41.37141
1924.00000	40.46364	9.69294	35.19682
1925.00000	45.67264	12.80778	52.39797
1926.00000	45.97031	10.85163	46.91904
1927.00000	42.21231	10.16408	30.21091
1928.00000	44.14709	9.50974	37.59823
1929.00000	39.34742	10.89854	28.19747
1930.00000	49.76535	9.44757	43.23904
1931.00000	41.31941	10.74094	38.30214
1932.00000	39.12416	9.43605	31.39018
1933.00000	43.10533	9.84887	32.97461
1934.00000	39.16138	11.92142	26.29781
1935.00000	41.87751	9.16692	31.72573
1936.00000	45.48652	9.68031	33.46737
1937.00000	43.06815	9.39962	37.91818
1938.00000	48.35144	7.55229	35.18315
1939.00000	33.13376	8.99491	14.99779
1940.00000	44.25876	12.14974	44.56331
1941.00000	35.55226	9.95451	19.71977
1942.00000	45.48659	10.64707	41.29912
1943.00000	43.58901	10.93475	31.77068
1944.00000	49.43053	10.80402	50.82583
1945.00000	51.77454	9.79871	48.14630
1946.00000	44.37039	10.56039	42.80451
1947.00000	45.85860	9.50066	45.12711
1948.00000	33.87791	9.28915	17.62849
1949.00000	44.77968	11.15814	38.84687
1950.00000	44.48189	6.36492	29.70542
1951.00000	46.93769	10.98935	51.48305
1952.00000	48.72351	7.18982	42.26151
1953.00000	38.78929	10.37941	27.11445
1954.00000	42.17518	9.29606	41.85406
1955.00000	44.44480	8.96358	38.46388
1956.00000	36.03595	9.30757	23.93755
1957.00000	44.22158	11.35073	47.27745
1958.00000	43.92384	9.33182	35.67078
1959.00000	41.17051	7.48839	33.94062
1960.00000	37.78468	8.43968	26.39940
1961.00000	44.66802	11.41899	43.39232
1962.00000	46.04460	9.10417	30.59560
1963.00000	40.57526	13.87103	34.66950
1964.00000	42.99368	8.58409	32.63557
1965.00000	48.50035	9.62368	48.47289
1966.00000	34.39882	7.22148	28.09703
1967.00000	37.97073	11.21109	20.44729
1968.00000	46.41673	11.14946	43.46331
1969.00000	38.75210	9.44083	27.73643
1970.00000	50.58390	8.45325	42.21977
1971.00000	45.78424	9.73515	40.56547
1972.00000	50.99311	7.30181	36.18221
1973.00000	54.86265	8.79020	44.26857
1974.00000	45.93302	9.68714	42.26456
1975.00000	44.51918	12.39003	37.67234
1976.00000	45.26332	8.37004	38.36492
1977.00000	42.54715	11.91081	28.06341
1978.00000	37.63587	10.60581	24.60391
1979.00000	39.57066	8.27232	31.16789
1980.00000	37.41263	12.66554	23.05482
1981.00000	49.57927	8.51358	38.49659
1982.00000	44.33310	7.50793	36.04310
1983.00000	36.59405	9.00917	26.60984
1984.00000	44.40752	10.73225	37.43825
1985.00000	41.35644	7.04439	16.22159
1986.00000	43.03087	9.51804	30.09318
1987.00000	47.42127	9.15245	32.74531
1988.00000	50.28628	11.33201	45.05625
1989.00000	47.42133	10.25111	50.90659
1990.00000	40.16599	11.28437	44.01307
1991.00000	34.51044	8.67962	25.92253
1992.00000	44.33320	11.90282	42.72984
1993.00000	53.03949	6.75923	35.25565
1994.00000	42.51001	7.26535	36.15721
1995.00000	36.29640	10.93529	33.27638
1996.00000	51.36514	7.20001	28.87534
1997.00000	46.93764	8.84836	34.02984
1998.00000	50.99309	8.90546	30.70396
1999.00000	43.17972	9.30245	37.37026
2000.00000	48.90957	9.04575	47.02565
2001.00000	43.92391	9.44600	40.52784
2002.00000	39.90552	9.28050	31.03742
2003.00000	44.63079	10.30333	37.58315
2004.00000	50.10024	10.04028	49.93076
2005.00000	39.86831	10.51492	24.31487
