Year		Latitude	Strength	NAO_index
1862.00000	53.59492	10.87299	52.25404
1863.00000	48.46315	11.92501	40.60841
1864.00000	41.84032	11.92960	45.39625
1865.00000	44.29591	8.48623	53.40760
1866.00000	47.97948	11.87774	51.23490
1867.00000	45.07734	11.59951	34.56714
1868.00000	40.53805	10.87353	34.31534
1869.00000	38.67769	11.52996	48.29547
1870.00000	41.80310	12.12807	48.41388
1871.00000	45.22617	11.04115	40.76594
1872.00000	45.11443	9.76522	51.12057
1873.00000	41.98913	10.00570	41.08578
1874.00000	41.28220	11.29463	56.85570
1875.00000	44.55644	13.66437	55.31958
1876.00000	46.78883	11.80562	46.35005
1877.00000	60.61724	9.12672	43.33583
1878.00000	39.75670	8.91005	44.59211
1879.00000	40.31481	10.73872	37.50638
1880.00000	52.18364	9.45917	45.86391
1881.00000	44.63080	10.24462	29.39742
1882.00000	42.62164	9.09379	53.39576
1883.00000	49.69094	8.79513	46.64299
1884.00000	41.80310	11.54809	43.37232
1885.00000	43.47742	12.63634	51.34893
1886.00000	47.53298	11.25191	38.92331
1887.00000	38.71489	11.00302	61.21169
1888.00000	49.05845	10.38095	49.18789
1889.00000	45.18896	12.80418	50.98159
1890.00000	49.65372	12.98047	49.27865
1891.00000	47.60738	10.31308	46.88120
1892.00000	43.14257	10.57898	54.95877
1893.00000	41.31940	12.05505	38.91807
1894.00000	45.15174	11.88196	45.10292
1895.00000	48.79801	11.23871	34.28372
1896.00000	41.31941	9.60270	50.94870
1897.00000	42.58443	12.14737	35.15344
1898.00000	42.65887	9.63662	54.76130
1899.00000	45.82148	12.17502	52.81312
1900.00000	46.30517	9.39392	57.37281
1901.00000	47.68182	12.62333	43.11326
1902.00000	41.65426	9.52100	54.24049
1903.00000	50.06302	11.97774	48.47289
1904.00000	46.49119	11.19861	36.18039
1905.00000	39.19859	11.14540	55.21922
1906.00000	45.93309	11.50379	32.28281
1907.00000	36.59407	10.25407	54.03049
1908.00000	42.24959	12.99538	59.67992
1909.00000	48.46317	13.01249	30.45620
1910.00000	41.17057	10.80680	40.01495
1911.00000	41.39383	13.41036	43.70599
1912.00000	40.87292	11.31282	39.55938
1913.00000	39.79391	9.69854	57.76612
1914.00000	48.68641	11.10440	37.13453
1915.00000	45.07726	8.63655	45.07185
1916.00000	44.85409	11.84018	30.25044
1917.00000	39.27301	11.32742	57.36180
1918.00000	45.48657	13.20473	48.75284
1919.00000	46.41672	9.94533	34.70607
1920.00000	44.22157	12.30524	65.66742
1921.00000	46.67721	14.31605	42.22297
1922.00000	38.04516	11.07845	43.97065
1923.00000	48.87242	9.00670	43.43510
1924.00000	57.69029	7.25614	52.06380
1925.00000	48.20269	11.58403	61.39445
1926.00000	49.20729	11.82833	36.58638
1927.00000	36.96615	11.37399	34.76117
1928.00000	42.54722	9.07552	61.84748
1929.00000	50.32350	14.46510	47.63594
1930.00000	46.71444	10.38863	47.40018
1931.00000	42.32400	11.57603	38.47070
1932.00000	41.69149	9.45749	52.03971
1933.00000	43.03094	13.37424	37.40016
1934.00000	41.76590	12.99761	41.44323
1935.00000	43.73789	13.00844	52.11388
1936.00000	41.91472	11.85315	46.24252
1937.00000	43.96113	11.55168	34.66815
1938.00000	43.14254	10.28506	59.55734
1939.00000	44.81686	11.08139	44.69167
1940.00000	41.20779	14.36309	52.81284
1941.00000	47.83065	11.09287	37.38732
1942.00000	37.18939	8.54666	30.43388
1943.00000	40.12878	12.14404	31.57518
1944.00000	45.15172	11.18594	36.56161
1945.00000	37.00334	9.76448	46.51930
1946.00000	48.50031	12.28278	37.56224
1947.00000	45.74701	12.34533	54.41070
1948.00000	53.11396	10.80894	40.47914
1949.00000	41.02174	11.77345	68.58542
1950.00000	49.46774	12.95733	40.60135
1951.00000	41.80310	11.62450	37.35680
1952.00000	36.14758	10.82706	37.51781
1953.00000	42.65888	9.31531	43.15674
1954.00000	49.83979	10.41889	46.21708
1955.00000	49.09560	8.67280	40.07359
1956.00000	43.73788	9.82363	46.33880
1957.00000	42.13797	10.47186	49.51990
1958.00000	40.61247	12.62397	36.13286
1959.00000	46.97476	7.21894	53.17984
1960.00000	44.51921	11.01974	38.69732
1961.00000	39.79391	10.60432	43.86380
1962.00000	43.81230	12.19634	47.21479
1963.00000	41.98913	11.66440	42.56188
1964.00000	40.57527	9.32937	40.47461
1965.00000	47.57012	10.01068	51.53271
1966.00000	43.88672	10.94575	34.58034
1967.00000	38.30560	10.01805	44.72760
1968.00000	46.41674	10.17731	35.15247
1969.00000	36.92894	11.96800	55.71669
1970.00000	50.73275	12.75131	41.83224
1971.00000	41.43102	9.01005	56.64088
1972.00000	49.28172	13.47781	45.81583
1973.00000	44.66803	12.99849	48.57331
1974.00000	42.36122	10.38962	39.03234
1975.00000	41.09615	10.86288	56.36883
1976.00000	42.95653	9.97792	40.40224
1977.00000	40.50085	11.30836	48.14682
1978.00000	56.08777	11.32180	51.96031
1979.00000	47.34695	10.48773	49.27151
1980.00000	47.08649	9.29862	49.06898
1981.00000	43.14253	10.64913	57.04557
1982.00000	48.76081	10.70498	46.94096
1983.00000	41.20778	9.71221	51.25146
1984.00000	53.93251	10.00257	50.54951
1985.00000	45.63545	11.34251	46.06857
1986.00000	42.80769	11.57802	38.12620
1987.00000	38.08235	10.28593	50.19748
1988.00000	45.07733	10.26119	44.91037
1989.00000	45.82140	10.69820	65.90807
1990.00000	46.67722	12.14309	40.64745
1991.00000	45.41214	10.93390	31.63625
1992.00000	39.04976	11.08739	47.72502
1993.00000	42.39842	11.28227	47.19477
1994.00000	45.82147	11.99261	38.16690
1995.00000	38.52886	9.18885	52.61638
1996.00000	45.67265	12.44491	43.26227
1997.00000	47.90500	9.35256	48.79789
1998.00000	43.40302	12.20202	36.87206
1999.00000	48.05382	8.56434	46.36956
2000.00000	46.97483	10.62553	47.36081
2001.00000	45.52380	11.05795	38.88266
2002.00000	40.24040	9.70049	37.60802
2003.00000	39.64508	10.38370	34.03094
2004.00000	40.16597	13.35819	38.84594
2005.00000	42.80771	8.64714	53.69638
2006.00000	44.55643	12.30001	58.17081
2007.00000	60.70064	11.41015	41.67135
2008.00000	40.38922	9.50093	42.37229
2009.00000	42.80771	11.36040	53.02505
2010.00000	43.96113	12.61009	38.25823
2011.00000	40.98454	11.65661	40.68328
2012.00000	41.57985	11.55631	50.12352
2013.00000	54.97123	10.43733	31.96971
2014.00000	38.30560	8.77588	44.36797
2015.00000	42.43563	10.87430	52.58081
2016.00000	48.01668	11.72036	63.72935
2017.00000	43.06816	12.98629	45.97687
2018.00000	43.70067	11.90690	43.21877
2019.00000	44.96572	12.99535	61.26935
2020.00000	47.94226	11.09415	45.91292
2021.00000	41.31940	9.21166	53.02281
2022.00000	46.49120	11.43796	57.99904
2023.00000	49.28167	12.02175	29.13526
2024.00000	38.93814	10.33613	44.64237
2025.00000	44.66799	10.61226	49.63088
2026.00000	45.89589	11.25170	53.74302
2027.00000	45.52381	12.72601	41.86448
2028.00000	44.40758	11.68700	46.03276
2029.00000	44.14716	12.06354	25.70883
2030.00000	43.84946	11.17676	30.62354
2031.00000	38.41724	10.55304	43.13828
2032.00000	37.00335	9.70557	45.94383
2033.00000	51.21644	9.19284	46.33547
2034.00000	44.29599	12.85479	45.63177
2035.00000	46.45399	11.07963	41.48167
2036.00000	43.14254	7.44979	46.81620
2037.00000	39.60787	10.72573	51.57588
2038.00000	51.17920	10.90332	48.64870
2039.00000	48.16550	11.97309	54.27383
2040.00000	47.49577	11.25824	46.92966
