Year		Latitude	Strength	NAO_index
1851.00000	43.21697	12.02907	40.80039
1852.00000	44.81689	14.42101	24.93904
1853.00000	44.14716	13.80749	26.18555
1854.00000	40.31480	10.76097	24.93875
1855.00000	45.52383	14.18285	19.96690
1856.00000	41.80311	11.20766	30.02526
1857.00000	44.89131	14.25183	34.96445
1858.00000	47.64462	14.13474	22.80690
1859.00000	46.90044	11.31020	34.28070
1860.00000	47.23534	15.06516	29.06279
1861.00000	41.46823	15.41508	24.19385
1862.00000	43.32860	15.65827	30.00427
1863.00000	46.41679	13.01695	11.98346
1864.00000	40.24040	13.28629	12.30672
1865.00000	42.65888	12.83346	33.81867
1866.00000	51.43968	10.70628	24.60078
1867.00000	44.55644	11.82789	27.43737
1868.00000	43.92392	12.19477	38.51302
1869.00000	50.50949	12.00963	25.74729
1870.00000	45.67265	14.34039	27.48909
1871.00000	46.23076	15.59754	12.29201
1872.00000	41.57986	12.55087	29.43950
1873.00000	43.51463	11.84059	36.59253
1874.00000	46.93769	11.33952	19.21065
1875.00000	43.58905	11.63053	16.08810
1876.00000	40.94734	11.29969	30.57013
1877.00000	41.87751	14.24647	41.79521
1878.00000	49.87701	14.55497	26.96182
1879.00000	44.03554	15.46981	22.86193
1880.00000	41.02175	15.65267	24.09909
1881.00000	42.95653	14.92182	24.27333
1882.00000	47.16090	11.76841	25.59659
1883.00000	45.67262	12.04558	27.21810
1884.00000	44.03554	15.10464	17.03885
1885.00000	43.17977	10.01849	22.12094
1886.00000	50.13745	11.69571	31.74292
1887.00000	50.76995	12.56495	24.58260
1888.00000	47.08649	15.28828	20.72159
1889.00000	48.90954	9.05263	22.92185
1890.00000	43.03094	15.54603	35.92510
1891.00000	48.98403	14.56411	21.95779
1892.00000	42.91932	9.65943	26.02232
1893.00000	43.77509	14.15921	27.12159
1894.00000	43.73789	15.17236	23.95177
1895.00000	40.35202	9.24816	36.71453
1896.00000	46.49120	14.26407	33.60117
1897.00000	45.33779	11.20125	22.88036
1898.00000	37.85912	12.61763	37.39563
1899.00000	47.64462	16.02066	21.75599
1900.00000	50.95597	11.20728	31.02956
1901.00000	44.03554	14.56975	17.97448
1902.00000	43.92392	13.84441	11.10237
1903.00000	42.58444	11.96511	23.10685
1904.00000	46.00751	16.26624	37.77505
1905.00000	43.29139	13.77239	27.05180
1906.00000	42.13798	14.39686	36.83148
1907.00000	45.41220	15.60190	28.95096
1908.00000	43.58905	12.82059	27.31932
1909.00000	45.07734	12.69620	26.57034
1910.00000	43.44023	10.90539	32.46747
1911.00000	42.80770	13.84728	27.47734
1912.00000	43.77509	12.18754	38.37659
1913.00000	43.47743	14.08793	30.53169
1914.00000	51.03040	10.70652	32.95521
1915.00000	48.90965	14.86371	31.67745
1916.00000	47.30975	12.99361	36.03320
1917.00000	47.30976	14.04568	35.18690
1918.00000	50.95601	13.29332	23.12857
1919.00000	42.54723	8.98310	41.54568
1920.00000	52.22102	12.76423	33.64013
1921.00000	44.74248	16.02815	32.07635
1922.00000	45.26337	15.19499	21.71305
1923.00000	43.96113	12.54953	39.15203
1924.00000	49.76540	13.87640	14.87133
1925.00000	40.42643	10.11421	29.50206
1926.00000	47.01208	13.88288	27.19815
1927.00000	46.52834	15.00583	17.41187
1928.00000	41.57986	12.19090	31.77721
1929.00000	45.85869	15.66679	24.62484
1930.00000	50.65833	10.72932	29.09271
1931.00000	43.96113	12.78257	18.79391
1932.00000	45.63543	11.97849	24.12456
1933.00000	44.92850	13.93180	23.34000
1934.00000	46.08192	11.32706	36.25260
1935.00000	49.24447	12.58935	27.34802
1936.00000	42.28680	14.04778	24.63479
1937.00000	43.55183	12.16171	24.46310
1938.00000	42.65888	13.09018	23.73633
1939.00000	59.99243	11.73616	14.93211
1940.00000	44.22155	10.93610	33.52831
1941.00000	46.82606	12.76616	16.42229
1942.00000	43.14255	12.53263	36.62862
1943.00000	45.67265	14.60926	29.86940
1944.00000	41.61707	13.32821	28.64542
1945.00000	42.65886	13.32889	14.81615
1946.00000	38.78931	9.16811	27.50711
1947.00000	44.29599	15.91921	32.42425
1948.00000	46.41679	12.54914	25.17773
1949.00000	56.16223	12.63804	14.29339
1950.00000	43.96113	11.62333	40.38875
1951.00000	44.07275	17.18164	36.69612
1952.00000	48.16547	12.13580	24.11690
1953.00000	45.44941	12.81572	23.62950
1954.00000	46.37957	14.27383	33.22352
1955.00000	52.33263	13.76921	29.08375
1956.00000	46.30516	12.08747	16.50763
1957.00000	43.14256	15.98884	35.54885
1958.00000	45.30056	12.11683	26.02800
1959.00000	44.66805	12.72161	37.55797
1960.00000	46.78886	12.89985	18.76805
1961.00000	43.62623	13.90602	17.36906
1962.00000	42.80769	13.42012	29.21789
1963.00000	44.29599	15.37047	30.32979
1964.00000	43.58905	13.71460	17.80570
1965.00000	46.37958	13.35847	26.37596
1966.00000	44.33320	13.02161	38.59378
1967.00000	46.34238	12.64065	18.55057
1968.00000	46.15634	11.35923	27.96461
1969.00000	47.71901	14.25604	23.04044
1970.00000	43.25409	8.67173	26.07534
1971.00000	43.96113	14.01283	3.79964
1972.00000	42.10076	13.14676	30.25635
1973.00000	44.85409	15.02032	45.18326
1974.00000	51.66290	13.62120	27.79208
1975.00000	46.78886	13.38143	14.11042
1976.00000	41.91470	10.38487	45.69440
1977.00000	52.63028	13.49769	19.54193
1978.00000	46.19353	13.51259	34.80737
1979.00000	46.49120	14.20198	27.67620
1980.00000	47.68181	12.80460	27.45425
1981.00000	41.91473	11.56872	31.00146
1982.00000	48.35155	12.86317	30.74901
1983.00000	44.33317	14.69884	24.68891
1984.00000	45.00291	11.25276	6.70471
1985.00000	45.78418	11.16097	37.54102
1986.00000	47.68182	14.99556	35.40406
1987.00000	48.42594	11.33092	25.82779
1988.00000	41.65428	13.91921	38.38271
1989.00000	50.39790	13.40285	27.32234
1990.00000	46.64002	13.02208	37.69781
1991.00000	45.93310	13.59416	34.77477
1992.00000	47.27251	12.87827	39.89383
1993.00000	44.29599	13.28720	27.63526
1994.00000	47.57021	13.18300	35.45591
1995.00000	45.63544	16.14196	23.50068
1996.00000	42.99373	12.89669	36.05971
1997.00000	42.69608	16.26847	42.23537
1998.00000	49.31892	13.54871	33.03263
1999.00000	48.05385	12.44549	28.55596
2000.00000	43.47741	10.96826	27.01888
2001.00000	44.51923	11.56256	21.76430
2002.00000	48.53756	12.63802	49.23917
2003.00000	51.32807	14.15379	28.17008
2004.00000	48.57474	13.02507	23.21104
2005.00000	45.74707	14.43207	23.80667
