Year		Latitude	Strength	NAO_index
1862.00000	47.34690	11.15794	47.46838
1863.00000	51.21639	12.05735	49.24162
1864.00000	42.73328	8.64115	44.98203
1865.00000	40.87291	7.50070	53.55078
1866.00000	51.99775	10.08282	44.61070
1867.00000	43.55185	10.48303	38.20268
1868.00000	46.08193	9.47931	43.39099
1869.00000	45.37498	9.89205	47.60096
1870.00000	44.14716	12.46222	34.20604
1871.00000	41.84031	10.05002	31.66575
1872.00000	41.50543	11.09020	57.25867
1873.00000	45.85864	10.55787	37.52050
1874.00000	46.45397	12.92601	51.87133
1875.00000	43.03092	10.91158	44.46398
1876.00000	48.94675	8.48589	47.78182
1877.00000	45.70986	12.85183	50.69211
1878.00000	43.29140	11.50462	41.06266
1879.00000	42.95652	10.75812	31.65229
1880.00000	42.06356	9.71997	26.29510
1881.00000	37.82192	11.05988	44.03487
1882.00000	42.02635	10.05102	40.77250
1883.00000	46.82606	8.75336	40.87477
1884.00000	39.01255	12.67852	53.28463
1885.00000	46.45400	11.83288	39.15716
1886.00000	40.16598	11.32177	41.72877
1887.00000	43.55184	12.34957	43.07956
1888.00000	40.20319	10.88057	39.85635
1889.00000	46.08192	7.51896	31.84675
1890.00000	47.27248	10.58245	59.47651
1891.00000	47.79345	11.26917	34.86458
1892.00000	46.97489	10.11730	56.46677
1893.00000	50.43506	12.08274	28.12813
1894.00000	39.57066	10.88712	51.59617
1895.00000	49.80260	11.38605	50.48164
1896.00000	44.25875	10.85009	48.38557
1897.00000	49.46775	7.81469	48.50719
1898.00000	45.74697	7.85823	49.19526
1899.00000	51.29081	11.64404	44.33877
1900.00000	46.56562	9.69856	51.99990
1901.00000	44.55644	11.65691	50.54315
1902.00000	49.05844	10.71849	37.53685
1903.00000	45.26321	8.38098	37.79185
1904.00000	41.17058	10.59109	61.38630
1905.00000	45.11454	13.06020	41.83724
1906.00000	37.78471	10.27911	43.24242
1907.00000	44.59348	10.89420	39.08003
1908.00000	44.85405	8.77818	47.31870
1909.00000	40.16598	8.17232	51.51654
1910.00000	43.81230	11.89618	40.01143
1911.00000	43.47743	7.88727	38.90508
1912.00000	42.10076	8.16379	39.37675
1913.00000	41.69148	9.55152	37.23628
1914.00000	41.98913	11.93529	42.91727
1915.00000	42.54724	11.43687	54.90187
1916.00000	46.04472	13.53009	49.70523
1917.00000	48.50037	11.71553	52.42560
1918.00000	49.83981	10.12046	54.51438
1919.00000	49.31890	11.81362	50.50779
1920.00000	43.51462	12.32621	47.43995
1921.00000	42.65888	11.63883	44.72687
1922.00000	42.02635	11.01302	41.80729
1923.00000	39.31022	12.35785	40.66383
1924.00000	42.95654	9.26775	33.73406
1925.00000	41.84032	10.94093	39.83307
1926.00000	44.07272	9.51141	50.04833
1927.00000	48.05388	12.87597	28.45318
1928.00000	41.13337	13.08239	38.59003
1929.00000	43.25419	10.05676	51.10094
1930.00000	48.09110	10.01373	36.72198
1931.00000	39.53346	11.67738	51.49854
1932.00000	43.73789	9.54020	49.56672
1933.00000	41.80310	12.47999	51.18669
1934.00000	38.78928	8.49132	56.28031
1935.00000	49.80258	13.38652	46.42935
1936.00000	62.30125	9.39336	37.55120
1937.00000	38.38003	10.47986	29.68997
1938.00000	36.51965	11.69704	28.86865
1939.00000	42.88212	9.90811	55.00617
1940.00000	45.89589	9.56344	47.33873
1941.00000	44.10993	11.48815	45.86023
1942.00000	46.45398	12.12869	48.00034
1943.00000	43.51464	10.21829	45.41625
1944.00000	44.10993	12.43500	47.33203
1945.00000	51.70006	10.01920	43.16141
1946.00000	42.99374	13.06908	37.77325
1947.00000	46.11913	11.41249	44.37812
1948.00000	44.29586	8.16326	52.81831
1949.00000	41.76590	12.45295	23.68070
1950.00000	42.54713	7.77106	48.57479
1951.00000	47.34694	13.05526	51.67498
1952.00000	47.04929	11.75930	43.70706
1953.00000	47.16091	12.35058	48.52377
1954.00000	44.10996	12.31689	54.00365
1955.00000	43.92388	10.56774	32.65656
1956.00000	38.67769	12.14381	52.74724
1957.00000	49.20728	10.91700	51.08594
1958.00000	43.21693	9.39350	50.88510
1959.00000	55.04841	10.21540	47.48294
1960.00000	60.92440	10.07979	43.09289
1961.00000	44.74247	11.26260	46.40094
1962.00000	40.35199	10.38487	50.96037
1963.00000	52.03491	10.23105	42.56125
1964.00000	44.92851	11.29734	37.71729
1965.00000	49.87700	8.83937	49.57474
1966.00000	44.48201	12.29178	29.39669
1967.00000	36.74290	13.45314	37.66661
1968.00000	45.00292	9.83793	45.29526
1969.00000	49.20728	11.85187	36.12281
1970.00000	43.32860	11.11013	38.06070
1971.00000	40.05435	9.63201	43.98354
1972.00000	46.78886	13.74743	44.45547
1973.00000	40.53806	11.55411	33.19206
1974.00000	44.51910	10.70755	38.62667
1975.00000	40.09156	9.73641	32.21237
1976.00000	44.03552	12.19983	48.82268
1977.00000	48.27710	12.07944	55.82912
1978.00000	46.75164	11.73212	44.25070
1979.00000	48.83517	11.54032	43.84029
1980.00000	42.02635	11.62369	40.43354
1981.00000	45.11454	9.26363	51.91588
1982.00000	46.11903	8.21384	43.14336
1983.00000	65.42673	7.73448	44.22169
1984.00000	47.08640	8.78158	36.95206
1985.00000	43.99825	7.92309	43.24240
1986.00000	42.77048	11.51210	51.12010
1987.00000	43.99831	10.91219	41.57958
1988.00000	46.63997	10.29172	35.98320
1989.00000	40.09157	10.33189	39.74323
1990.00000	43.47744	13.28915	51.73695
1991.00000	45.97023	11.93502	44.18937
1992.00000	45.93305	11.38958	57.92719
1993.00000	47.38416	9.88616	40.72331
1994.00000	39.79391	12.45791	54.95789
1995.00000	50.54670	9.74198	53.48203
1996.00000	48.83522	11.50704	50.98037
1997.00000	40.61247	11.24226	31.82089
1998.00000	50.95595	8.62948	46.67190
1999.00000	48.68640	10.67223	59.94893
2000.00000	48.61199	12.55494	41.00414
2001.00000	47.34692	8.91873	44.64081
2002.00000	44.07273	12.92043	31.94792
2003.00000	50.95588	8.86861	42.22289
2004.00000	46.52836	9.94607	37.53570
2005.00000	44.14716	10.62936	36.36812
