Year		Latitude	Strength	NAO_index
1860.00000	51.96054	10.62057	58.88857
1861.00000	42.99372	11.11958	48.01971
1862.00000	51.03040	11.65932	58.07479
1863.00000	44.14716	10.42235	47.99859
1864.00000	46.82596	12.63883	51.30086
1865.00000	42.28679	8.76784	43.41338
1866.00000	44.81683	9.63021	50.97755
1867.00000	48.16549	12.39405	52.93234
1868.00000	52.22099	11.44543	57.07331
1869.00000	56.61133	9.73598	54.90310
1870.00000	49.50495	12.33822	53.24724
1871.00000	46.93768	11.27836	58.99885
1872.00000	45.30058	10.55012	47.92456
1873.00000	50.10026	13.02630	65.01354
1874.00000	42.50992	8.85930	44.68026
1875.00000	41.39379	9.76699	43.96643
1876.00000	33.46862	7.93831	29.56117
1877.00000	52.77907	9.50474	54.43102
1878.00000	43.47742	13.54904	55.59357
1879.00000	49.95140	10.16067	61.61873
1880.00000	46.97487	11.56897	53.58904
1881.00000	45.70976	8.48322	42.83755
1882.00000	50.43510	11.34478	61.85810
1883.00000	43.92389	8.22643	43.57748
1884.00000	47.60731	9.94415	54.41544
1885.00000	45.85868	11.71843	52.61229
1886.00000	43.51461	11.45412	46.85443
1887.00000	38.15677	9.37200	31.21453
1888.00000	42.73328	10.06036	48.33784
1889.00000	43.25412	12.19083	53.97438
1890.00000	50.69546	10.38224	43.05292
1891.00000	52.44420	9.53729	51.82391
1892.00000	54.71384	12.60930	66.10758
1893.00000	52.44426	11.52239	62.07523
1894.00000	43.55183	11.44029	50.18594
1895.00000	53.56043	6.61301	44.65002
1896.00000	46.41668	7.10535	42.95221
1897.00000	51.10481	11.27513	59.34352
1898.00000	43.36580	11.28499	57.02537
1899.00000	50.80718	12.66260	63.72836
1900.00000	45.04008	10.57275	55.48049
1901.00000	52.51868	12.72373	63.49721
1902.00000	41.80301	12.32919	37.53591
1903.00000	43.99832	12.87451	57.47331
1904.00000	54.49061	13.09379	63.96664
1905.00000	53.56044	12.11063	59.67875
1906.00000	47.57021	13.22699	60.50690
1907.00000	48.27712	14.68277	66.37198
1908.00000	48.68638	13.87254	58.95065
1909.00000	49.13288	11.81807	59.04880
1910.00000	40.35200	9.74659	42.97797
1911.00000	42.58440	8.11883	40.24216
1912.00000	49.28165	10.49370	47.35154
1913.00000	53.96970	10.43940	59.34117
1914.00000	39.94274	10.43569	43.44268
1915.00000	46.56552	10.74108	42.72096
1916.00000	49.65375	12.80986	60.40310
1917.00000	48.35152	11.85594	53.80502
1918.00000	50.21184	12.29289	66.68154
1919.00000	43.29135	10.28453	52.87818
1920.00000	59.09543	6.99158	37.12029
1921.00000	50.17466	11.34834	60.15021
1922.00000	43.10536	9.91011	52.72943
1923.00000	49.83980	13.37737	62.55852
1924.00000	47.16085	9.28369	43.77648
1925.00000	42.32399	13.67866	43.81002
1926.00000	50.95601	12.49817	62.64799
1927.00000	50.76995	12.18017	64.27807
1928.00000	50.80718	13.17326	65.60412
1929.00000	42.51004	11.30798	48.45237
1930.00000	41.39380	11.60592	44.54448
1931.00000	54.82545	12.67354	65.99865
1932.00000	48.38875	10.52781	58.93268
1933.00000	47.12365	11.26214	51.51373
1934.00000	54.63941	12.01741	61.26068
1935.00000	48.64913	11.63024	52.93695
1936.00000	48.09097	6.99177	43.17807
1937.00000	51.70008	10.30920	59.44599
1938.00000	49.61657	12.21513	55.15099
1939.00000	48.61197	11.62059	60.92662
1940.00000	47.42131	12.62576	55.64998
1941.00000	41.65420	7.37005	33.91247
1942.00000	43.55185	11.06705	51.22982
1943.00000	46.52841	13.30377	63.85401
1944.00000	45.52376	12.19824	55.95758
1945.00000	49.72807	12.15891	48.65466
1946.00000	35.21739	9.16449	34.38586
1947.00000	51.43965	10.99891	61.00109
1948.00000	44.07269	11.40964	48.24826
1949.00000	47.79345	11.70163	59.48195
1950.00000	42.95651	10.49534	54.33289
1951.00000	52.81629	13.03625	64.12654
1952.00000	45.07730	12.35061	59.03698
1953.00000	48.05386	12.10727	57.70912
1954.00000	50.80713	11.13330	53.63938
1955.00000	48.61196	11.39932	56.03560
1956.00000	46.90045	8.94207	48.20060
1957.00000	54.34177	9.16925	54.05315
1958.00000	43.25404	10.01146	47.07427
1959.00000	42.84490	12.17657	54.43573
1960.00000	53.93251	12.97149	63.63971
1961.00000	51.92334	11.20173	60.21846
1962.00000	52.96510	13.15502	66.28891
1963.00000	42.43563	12.64906	51.09104
1964.00000	45.15173	8.86149	45.70576
1965.00000	58.57520	9.58693	49.62862
1966.00000	50.54663	11.62707	64.76383
1967.00000	51.06760	8.74089	48.73354
1968.00000	48.53757	13.38688	63.38591
1969.00000	46.78884	12.47929	51.52846
1970.00000	52.40699	6.86631	46.88117
1971.00000	39.38461	11.07533	43.42562
1972.00000	45.30052	7.08611	47.36250
1973.00000	46.37950	10.61199	57.21198
1974.00000	46.34233	9.77042	54.08424
1975.00000	49.61655	10.92255	56.96404
1976.00000	47.83065	13.44530	66.08013
1977.00000	48.05389	14.19541	61.66867
1978.00000	48.09110	11.09343	56.96156
1979.00000	49.31884	10.03507	47.87818
1980.00000	43.77509	11.10357	49.52779
1981.00000	40.72409	9.08306	39.61187
1982.00000	52.92786	10.36361	53.99623
1983.00000	44.66804	12.38813	59.80755
1984.00000	48.16550	10.84115	54.73141
1985.00000	47.64459	10.07737	49.50880
1986.00000	50.10025	9.15426	52.02732
1987.00000	49.83970	9.91745	47.97867
1988.00000	44.74248	12.19642	56.29484
1989.00000	48.27709	11.91480	48.53088
1990.00000	40.61247	12.34956	51.03904
1991.00000	45.33772	10.75277	47.92185
1992.00000	48.05386	10.98460	55.59623
1993.00000	49.24446	13.07665	60.96060
1994.00000	48.12822	9.68465	48.78252
1995.00000	42.95653	10.90036	46.65797
1996.00000	52.14655	12.18512	59.56906
1997.00000	41.87746	6.79493	40.98037
1998.00000	56.20207	8.71157	55.76768
1999.00000	52.96506	11.14472	53.25062
2000.00000	44.59359	12.10657	56.00365
2001.00000	40.98454	10.89297	46.26060
2002.00000	50.80716	9.74561	51.81474
2003.00000	43.77508	12.97349	57.07477
2004.00000	47.53293	11.23145	49.87680
2005.00000	44.10992	9.89431	43.97547
