Year		Latitude	Strength	NAO_index
1851.00000	40.01715	11.03204	59.67044
1852.00000	48.53748	10.53900	50.72576
1853.00000	45.33779	11.86709	49.21169
1854.00000	48.90961	8.62475	56.99591
1855.00000	48.72356	11.10564	44.72187
1856.00000	51.21640	6.89756	28.08318
1857.00000	40.35202	8.08335	38.39911
1858.00000	38.86373	11.60321	43.24956
1859.00000	54.07834	8.25996	46.75633
1860.00000	49.24444	10.28686	54.10930
1861.00000	47.79335	10.05392	64.98341
1862.00000	48.46316	11.76447	45.08537
1863.00000	51.10482	9.98868	52.58263
1864.00000	44.89130	12.17587	50.99294
1865.00000	42.13796	10.69667	59.83599
1866.00000	47.19812	14.85128	46.84677
1867.00000	39.75670	12.29756	55.54174
1868.00000	47.68178	10.08261	35.13495
1869.00000	48.20263	8.96944	42.92427
1870.00000	41.69138	8.56044	40.60927
1871.00000	43.99822	9.14206	47.61068
1872.00000	43.77509	11.21737	48.54104
1873.00000	44.22158	10.80545	53.65823
1874.00000	51.73733	10.27161	49.38453
1875.00000	46.11914	9.60277	47.06000
1876.00000	44.51923	12.01446	53.61841
1877.00000	40.76130	12.02431	50.88539
1878.00000	50.91869	8.17174	40.18617
1879.00000	45.15165	9.44877	50.46943
1880.00000	41.20778	12.75887	49.24492
1881.00000	52.25815	9.66502	57.16130
1882.00000	47.68177	9.13284	42.96437
1883.00000	42.17517	11.71675	48.34612
1884.00000	51.03034	11.30378	48.37578
1885.00000	41.17056	12.49096	55.02091
1886.00000	44.29599	9.74393	36.26719
1887.00000	42.54724	13.21602	44.30143
1888.00000	42.51003	10.20546	33.53893
1889.00000	41.05896	11.35401	38.52904
1890.00000	41.46821	9.06407	53.94469
1891.00000	46.71442	12.04741	45.82385
1892.00000	40.64968	11.06476	61.05398
1893.00000	45.97030	12.65318	58.29716
1894.00000	50.58393	11.83489	44.90974
1895.00000	44.37038	12.40857	47.84596
1896.00000	44.74242	10.37783	61.91687
1897.00000	49.65369	11.77531	57.44260
1898.00000	43.58901	10.95672	47.55487
1899.00000	41.54265	9.08762	34.25523
1900.00000	40.24040	11.68609	56.32143
1901.00000	45.37500	11.05084	57.10724
1902.00000	51.55132	10.82232	32.88917
1903.00000	40.31480	13.18696	51.24615
1904.00000	45.78425	12.18964	52.30180
1905.00000	47.68181	11.92669	45.08638
1906.00000	43.88671	10.13735	37.51901
1907.00000	41.35661	10.45316	51.23260
1908.00000	58.20841	6.95499	49.66208
1909.00000	38.86368	10.42825	64.47125
1910.00000	47.27253	10.28451	46.98138
1911.00000	48.23985	7.94219	51.41023
1912.00000	42.95654	11.80438	52.23703
1913.00000	44.85410	11.34477	45.22268
1914.00000	38.56606	8.43749	53.51867
1915.00000	44.55637	9.13860	50.78643
1916.00000	51.70007	11.45600	54.41674
1917.00000	49.95140	10.30781	49.55794
1918.00000	46.60282	10.37278	32.47570
1919.00000	41.84030	10.37878	38.48560
1920.00000	56.16073	10.38296	45.75305
1921.00000	48.35151	10.07086	57.75422
1922.00000	44.14716	12.22507	42.42271
1923.00000	46.04462	9.96720	45.75109
1924.00000	47.53297	10.51951	56.44042
1925.00000	48.31433	10.79930	43.97646
1926.00000	43.03095	10.03457	53.95211
1927.00000	46.08193	12.09700	46.68737
1928.00000	46.45395	9.13296	35.12089
1929.00000	39.94273	12.95962	54.01263
1930.00000	55.86720	9.61384	57.48591
1931.00000	50.84439	9.88422	48.20867
1932.00000	47.23526	10.98756	48.88177
1933.00000	45.33778	8.76886	57.05802
1934.00000	44.92851	12.00944	67.09651
1935.00000	48.98406	13.10201	60.37568
1936.00000	44.59365	13.06453	56.90794
1937.00000	48.57472	12.75015	56.00885
1938.00000	48.76081	10.68787	50.99792
1939.00000	45.33776	11.16568	40.21841
1940.00000	56.20205	7.70990	32.40948
1941.00000	39.27300	8.62523	26.07974
1942.00000	42.77040	13.54926	57.76763
1943.00000	47.71903	11.81155	38.77617
1944.00000	48.79794	12.07987	40.73492
1945.00000	45.93303	6.78950	50.32112
1946.00000	47.68177	11.59941	60.89982
1947.00000	44.92847	9.93896	59.85102
1948.00000	50.32349	10.69886	34.97081
1949.00000	42.84488	11.94033	51.55680
1950.00000	42.54724	11.73319	47.73318
1951.00000	41.24500	9.78260	58.59560
1952.00000	47.34694	13.22725	38.15456
1953.00000	46.41672	9.61822	52.12031
1954.00000	47.45851	9.76187	52.28412
1955.00000	43.55185	12.96744	42.26654
1956.00000	38.11957	11.59893	43.66828
1957.00000	44.44482	12.47865	46.75297
1958.00000	43.25418	10.33884	54.64242
1959.00000	44.07275	11.34760	47.99164
1960.00000	43.92392	13.33676	48.84000
1961.00000	40.35202	10.36137	47.99490
1962.00000	42.39842	10.41992	55.11591
1963.00000	45.26338	13.60506	44.76299
1964.00000	41.61707	11.36693	52.02815
1965.00000	45.70985	12.58330	57.64927
1966.00000	48.57476	9.88268	30.61755
1967.00000	38.71489	11.88940	35.70466
1968.00000	39.16138	12.79317	42.53656
1969.00000	40.09155	9.76681	52.14018
1970.00000	43.77509	12.69134	39.12607
1971.00000	47.79337	7.83013	58.22794
1972.00000	44.03554	13.30476	49.05255
1973.00000	43.40300	10.59586	54.39924
1974.00000	45.07734	10.26639	60.80734
1975.00000	48.98406	11.22330	36.34224
1976.00000	39.75669	8.88139	48.74734
1977.00000	41.39383	10.28456	46.97846
1978.00000	45.07733	10.90032	55.55502
1979.00000	52.18382	10.97161	55.88190
1980.00000	40.57526	10.80003	53.06258
1981.00000	42.58445	11.05596	52.73659
1982.00000	49.28167	11.65958	64.82706
1983.00000	49.83977	13.62383	56.96820
1984.00000	45.85868	10.66876	49.01990
1985.00000	47.71902	10.69399	51.59287
1986.00000	47.53298	10.59989	55.03287
1987.00000	41.61703	10.45999	49.15794
1988.00000	42.62165	9.80141	58.66169
1989.00000	44.03552	12.21359	49.63534
1990.00000	46.08187	11.22599	57.18336
1991.00000	48.38874	11.04807	54.96461
1992.00000	40.50084	10.97511	46.06625
1993.00000	46.49120	10.44732	45.64547
1994.00000	46.78875	10.99285	24.76667
1995.00000	43.44012	10.71864	57.21430
1996.00000	40.79849	9.11379	42.96594
1997.00000	42.84491	13.73247	61.90917
1998.00000	46.19354	11.81124	60.11435
1999.00000	45.33779	13.22471	48.78930
2000.00000	48.64919	9.03308	56.89143
2001.00000	47.45857	13.08297	46.11578
2002.00000	42.21237	11.96304	56.45695
2003.00000	49.17008	11.96225	52.82404
2004.00000	43.73789	10.30238	32.07542
2005.00000	36.44524	12.59186	47.26195
