Year		Latitude	Strength	NAO_index
1861.00000	50.28625	13.10411	54.34412
1862.00000	57.61412	7.40126	61.35508
1863.00000	51.32803	11.23947	57.03901
1864.00000	48.57473	11.79865	47.92596
1865.00000	64.83194	6.28489	65.95602
1866.00000	50.91877	12.28068	47.07391
1867.00000	43.14257	10.76729	59.37690
1868.00000	44.10995	13.45021	46.03849
1869.00000	46.34230	8.80710	53.04438
1870.00000	47.38415	11.58669	42.70268
1871.00000	50.95596	8.60133	59.79784
1872.00000	54.23015	10.17004	55.88174
1873.00000	56.98105	10.04951	56.56971
1874.00000	45.33779	13.03765	47.72107
1875.00000	43.81230	8.88742	53.02440
1876.00000	47.16090	10.97579	44.60752
1877.00000	36.29640	8.97779	59.04396
1878.00000	53.70919	8.99227	50.78591
1879.00000	46.34228	8.93996	66.59052
1880.00000	55.45796	11.86297	46.40781
1881.00000	38.97533	9.56925	60.99510
1882.00000	54.89985	11.40072	46.51242
1883.00000	57.68781	7.91789	58.32984
1884.00000	43.51463	11.93435	50.44266
1885.00000	44.70521	9.15961	38.57675
1886.00000	35.25459	8.50748	42.83560
1887.00000	42.91923	8.28275	55.26919
1888.00000	45.15175	10.80480	49.94326
1889.00000	46.08186	10.20799	58.64750
1890.00000	50.36065	11.80754	60.67685
1891.00000	43.03091	10.47530	48.11370
1892.00000	52.18374	9.64048	55.80846
1893.00000	43.81229	9.79678	57.67984
1894.00000	53.82085	10.10840	60.16917
1895.00000	52.44425	9.98637	55.60344
1896.00000	49.95134	9.31449	62.61870
1897.00000	52.81626	11.26845	62.48271
1898.00000	51.96055	8.51977	59.35563
1899.00000	52.96515	11.52224	50.43539
1900.00000	50.69556	9.94432	55.54826
1901.00000	51.06756	11.48636	53.70552
1902.00000	52.51866	10.11355	65.60422
1903.00000	47.68183	12.85372	56.29781
1904.00000	47.79341	10.93605	40.56164
1905.00000	38.97534	7.92776	51.05794
1906.00000	51.14195	10.62513	61.91190
1907.00000	51.96050	10.45409	48.87831
1908.00000	44.63083	9.95548	64.32487
1909.00000	56.12766	11.12682	61.54922
1910.00000	53.07673	10.33445	53.33880
1911.00000	47.27248	10.75193	51.82648
1912.00000	49.72816	12.38700	43.64255
1913.00000	40.16598	8.45923	61.93445
1914.00000	50.76985	10.24539	49.75104
1915.00000	50.76982	7.76843	48.93490
1916.00000	50.36054	9.74910	55.73201
1917.00000	40.68688	11.65771	45.08135
1918.00000	39.38463	10.57888	55.51752
1919.00000	66.65450	8.88289	53.43352
1920.00000	42.28679	10.18436	60.73182
1921.00000	46.71443	9.86329	48.73250
1922.00000	50.80710	9.90914	56.71133
1923.00000	43.84948	9.44722	47.53979
1924.00000	49.72814	8.19574	52.54995
1925.00000	59.10408	9.14818	60.11404
1926.00000	52.70469	11.17706	48.87174
1927.00000	42.24956	7.37143	40.72083
1928.00000	36.59407	8.59523	52.69498
1929.00000	41.80309	11.50071	47.95271
1930.00000	48.90962	10.13744	51.15766
1931.00000	45.37498	10.72274	53.88224
1932.00000	45.93302	8.91959	51.46542
1933.00000	47.19804	8.67706	55.92359
1934.00000	45.15169	9.03554	64.15023
1935.00000	56.90898	11.67080	58.03349
1936.00000	53.52322	10.03230	63.60854
1937.00000	54.97422	10.45763	63.61234
1938.00000	44.74239	10.43819	54.29299
1939.00000	46.93768	10.28566	54.38398
1940.00000	61.55737	9.55289	42.62088
1941.00000	40.46364	6.68461	62.46109
1942.00000	46.23075	11.13953	74.33688
1943.00000	50.80718	14.41493	53.19914
1944.00000	49.35609	12.62614	57.90583
1945.00000	55.04866	11.61318	61.84328
1946.00000	53.67200	11.01284	49.79391
1947.00000	58.24837	9.88708	58.42906
1948.00000	54.23013	9.99366	34.79323
1949.00000	41.39374	9.91163	58.28737
1950.00000	41.61707	11.13899	53.74604
1951.00000	63.04583	10.01109	54.77240
1952.00000	52.77908	10.52461	62.92044
1953.00000	52.74188	10.98594	63.72563
1954.00000	43.58903	13.84312	45.16385
1955.00000	46.30516	11.81955	54.11565
1956.00000	60.18002	10.91059	46.81521
1957.00000	49.24438	9.08950	49.04849
1958.00000	48.01656	8.72066	59.60583
1959.00000	46.82607	13.51841	61.48833
1960.00000	49.69087	10.23867	35.62570
1961.00000	45.67257	7.69829	57.43404
1962.00000	44.10996	8.15544	48.17742
1963.00000	45.93301	9.92390	60.38083
1964.00000	48.50033	10.54589	57.17768
1965.00000	47.57012	9.42607	44.92529
1966.00000	43.88656	7.98144	59.51127
1967.00000	54.52781	13.46068	55.22359
1968.00000	46.15634	11.67237	61.93698
1969.00000	52.07218	9.27507	57.45849
1970.00000	56.98339	9.72570	56.79484
1971.00000	51.17916	9.45445	50.17909
1972.00000	46.19346	9.46047	64.07044
1973.00000	45.67255	10.77544	63.94977
1974.00000	47.64462	13.92027	49.84542
1975.00000	50.76994	8.45207	51.19831
1976.00000	40.16595	10.99930	60.93792
1977.00000	53.30000	11.97781	54.21581
1978.00000	45.70986	11.35417	44.19893
1979.00000	45.67256	9.79043	66.24412
1980.00000	51.66291	11.15018	38.17070
1981.00000	49.43041	7.81632	59.89281
1982.00000	54.82545	11.39568	54.60401
1983.00000	51.70009	11.10143	51.42456
1984.00000	53.85807	10.07709	54.35466
1985.00000	44.03549	9.53223	54.67560
1986.00000	45.78414	10.04250	50.00338
1987.00000	64.15866	11.35014	62.64271
1988.00000	51.51407	11.98244	53.70549
1989.00000	42.28681	13.78454	42.21667
1990.00000	40.16595	10.10330	45.78906
1991.00000	52.92787	9.47077	57.01362
1992.00000	48.68627	8.36265	57.79870
1993.00000	49.65373	12.01834	56.95919
1994.00000	51.77442	11.55601	59.31633
1995.00000	48.72358	10.10956	67.51018
1996.00000	50.69551	12.86889	63.45354
1997.00000	51.84890	12.06359	47.21518
1998.00000	39.45903	9.23220	51.46117
1999.00000	45.52375	9.64679	55.79721
2000.00000	47.34684	9.12747	37.74909
2001.00000	42.17515	7.48558	57.48623
2002.00000	53.07676	12.61073	55.99404
2003.00000	45.63537	10.68463	58.15581
2004.00000	51.58843	9.72114	55.48492
2005.00000	60.73846	9.67953	62.63367
