Year		Latitude	Strength	NAO_index
1851.00000	42.69607	9.31671	40.43497
1852.00000	40.38922	11.45761	41.90151
1853.00000	43.40302	9.23916	51.54440
1854.00000	41.98914	9.44206	51.42612
1855.00000	47.71898	11.31722	36.70445
1856.00000	46.34229	9.77100	42.09258
1857.00000	46.00749	12.28380	53.45268
1858.00000	43.29140	10.33230	57.21073
1859.00000	47.57020	10.24663	58.59953
1860.00000	43.81229	12.16839	41.60299
1861.00000	54.97308	8.58579	55.31453
1862.00000	49.17002	9.99123	47.47815
1863.00000	44.59361	9.56147	49.39229
1864.00000	44.48202	8.28334	40.20023
1865.00000	43.21692	9.26857	49.31893
1866.00000	41.72865	11.99119	50.16602
1867.00000	42.21238	9.30126	52.32396
1868.00000	47.97943	10.54679	36.38091
1869.00000	46.08186	9.74984	30.23380
1870.00000	41.76582	10.59752	52.98565
1871.00000	46.82605	11.03296	43.47060
1872.00000	42.58442	10.86403	59.74383
1873.00000	51.29084	10.18449	56.58940
1874.00000	47.16089	10.29594	59.99042
1875.00000	44.59361	11.76595	38.02750
1876.00000	49.02118	12.11702	59.75609
1877.00000	48.57478	10.40229	53.85583
1878.00000	44.85410	9.88101	51.63828
1879.00000	44.92851	11.93586	41.79781
1880.00000	48.42589	8.07938	56.31148
1881.00000	49.39324	11.35320	50.08857
1882.00000	39.23579	10.56121	39.09240
1883.00000	37.82191	11.65792	43.44401
1884.00000	44.85404	11.99466	45.64826
1885.00000	44.74245	9.03999	44.30141
1886.00000	45.74698	9.47314	47.31185
1887.00000	41.17057	10.98963	64.63802
1888.00000	52.85352	11.34597	52.58398
1889.00000	45.30054	9.78242	59.72143
1890.00000	42.99372	10.65571	53.09313
1891.00000	40.50084	9.62264	50.46086
1892.00000	47.08650	10.88722	27.10198
1893.00000	34.54765	10.35688	37.49167
1894.00000	35.77550	10.52998	62.24320
1895.00000	48.79802	12.25647	62.39352
1896.00000	49.57934	10.09069	57.96349
1897.00000	50.76996	12.03714	66.69010
1898.00000	49.87702	12.31793	34.97268
1899.00000	52.73395	9.49956	58.61115
1900.00000	46.52832	11.07446	38.89760
1901.00000	41.72869	10.62975	45.16146
1902.00000	49.20720	10.68307	46.18044
1903.00000	55.49158	11.98173	52.33508
1904.00000	42.10070	10.75967	57.12581
1905.00000	42.21234	12.36127	46.42852
1906.00000	40.35202	10.03270	37.06396
1907.00000	37.30101	11.55346	53.46784
1908.00000	44.55636	9.88861	57.98713
1909.00000	47.68181	11.68187	35.97505
1910.00000	35.51505	8.70900	47.15461
1911.00000	43.77509	12.88028	53.79469
1912.00000	50.24903	10.03368	63.60977
1913.00000	43.70066	11.32103	51.31901
1914.00000	45.89590	12.49075	49.01492
1915.00000	39.19859	9.72350	39.50661
1916.00000	38.82652	11.10888	45.21213
1917.00000	40.57525	10.86832	57.44893
1918.00000	60.77415	11.76241	57.73242
1919.00000	43.70068	10.17643	54.48831
1920.00000	49.91419	9.46750	52.35078
1921.00000	46.52841	11.99488	56.33633
1922.00000	44.48203	12.43514	54.98164
1923.00000	39.34742	12.27355	45.38380
1924.00000	39.71949	10.89760	49.22773
1925.00000	44.22158	8.84104	44.86745
1926.00000	42.54723	9.29534	49.52687
1927.00000	42.21238	12.02514	46.46195
1928.00000	45.52382	11.56695	56.62336
1929.00000	45.07734	10.68055	43.91107
1930.00000	40.46361	10.76259	35.24063
1931.00000	43.84951	11.43858	45.53885
1932.00000	46.08193	8.95357	54.93031
1933.00000	44.85410	10.38455	54.77320
1934.00000	49.35611	10.81085	58.32594
1935.00000	44.63082	11.20951	47.19469
1936.00000	44.81684	9.02296	33.42255
1937.00000	47.23533	7.90867	52.38516
1938.00000	44.03554	11.41488	58.73826
1939.00000	50.32346	12.81653	49.36177
1940.00000	44.77969	10.09006	47.85242
1941.00000	45.41220	9.99740	55.95633
1942.00000	41.76590	10.61160	31.99891
1943.00000	41.35661	10.17687	38.61518
1944.00000	43.44019	10.75779	39.40878
1945.00000	39.49623	12.75168	62.60646
1946.00000	53.48604	11.70366	68.34953
1947.00000	51.21640	12.05519	47.10297
1948.00000	47.45859	9.87300	55.32177
1949.00000	43.77508	11.71154	46.79273
1950.00000	42.13797	13.37900	44.67706
1951.00000	41.05895	8.91686	60.35932
1952.00000	44.33320	12.91188	42.19498
1953.00000	40.87292	11.67099	46.70888
1954.00000	52.51860	6.75980	30.88680
1955.00000	39.31021	10.56571	55.89502
1956.00000	43.73788	13.36639	41.62539
1957.00000	40.31481	11.42880	53.01807
1958.00000	47.64461	11.11244	54.66510
1959.00000	46.49120	14.43573	44.03708
1960.00000	44.10985	11.41012	64.99794
1961.00000	54.08134	10.04598	49.69919
1962.00000	45.59817	9.55884	51.30581
1963.00000	50.13740	10.68193	62.76854
1964.00000	47.01210	13.59633	57.65180
1965.00000	42.21238	11.60079	30.34539
1966.00000	33.98954	9.37330	51.29359
1967.00000	47.60738	13.47628	70.15859
1968.00000	52.07218	12.69558	58.38310
1969.00000	47.23528	11.72220	33.37846
1970.00000	39.94272	11.87222	51.78070
1971.00000	46.75156	10.11290	47.03752
1972.00000	40.50085	11.12053	38.99958
1973.00000	41.24500	11.04220	53.30159
1974.00000	40.50083	9.27826	33.92508
1975.00000	37.33822	11.91000	58.15802
1976.00000	43.40302	13.47578	47.03162
1977.00000	48.35146	10.50363	52.00914
1978.00000	44.14716	12.33692	51.17862
1979.00000	44.29599	11.50869	57.63182
1980.00000	44.48199	9.72717	40.06263
1981.00000	45.59823	9.50240	41.53893
1982.00000	43.03090	10.48710	35.50734
1983.00000	59.47227	10.99410	52.82740
1984.00000	47.16086	8.24593	49.36107
1985.00000	41.13336	10.89574	28.94302
1986.00000	42.13785	8.43934	54.11588
1987.00000	44.96567	10.03486	62.70701
1988.00000	48.68636	10.47534	55.22508
1989.00000	45.30049	8.70609	60.52969
1990.00000	43.25419	13.62690	53.49940
1991.00000	48.94676	8.60164	38.96602
1992.00000	38.97534	10.54246	48.82456
1993.00000	44.33318	14.67565	40.35135
1994.00000	41.28220	11.56076	45.08190
1995.00000	42.58445	11.64436	64.18232
1996.00000	48.76081	10.14383	52.23057
1997.00000	47.60741	9.26365	51.07252
1998.00000	47.94223	12.90022	56.25336
1999.00000	46.08189	10.46357	43.15544
2000.00000	47.68183	11.21491	51.23023
2001.00000	41.39383	10.18516	59.53648
2002.00000	45.44940	12.46087	45.38607
2003.00000	47.01206	12.16559	59.34432
2004.00000	48.61198	10.98961	39.51573
2005.00000	37.78471	11.22468	57.84599
