Year		Latitude	Strength	NAO_index
1852.00000	48.53757	15.42675	70.09578
1853.00000	57.61335	13.04990	77.90250
1854.00000	44.48198	12.11540	79.90924
1855.00000	58.80385	15.34365	84.55292
1856.00000	47.79342	13.51248	79.79539
1857.00000	58.32028	15.99826	75.35318
1858.00000	46.71444	13.46422	85.79534
1859.00000	51.14203	16.13991	78.39164
1860.00000	47.01205	15.93643	71.62141
1861.00000	48.57477	14.96215	66.88299
1862.00000	45.26337	12.06891	74.80932
1863.00000	46.37958	13.39474	88.18081
1864.00000	49.69098	14.61694	81.92508
1865.00000	53.48603	14.22750	71.54885
1866.00000	45.82141	9.16119	67.04940
1867.00000	40.53805	13.36735	77.78391
1868.00000	42.43562	11.66874	74.15383
1869.00000	49.72817	13.76930	80.83216
1870.00000	58.13392	13.72709	67.87073
1871.00000	45.59818	11.01887	87.33560
1872.00000	47.04931	14.55125	76.68263
1873.00000	53.70926	13.10026	78.71422
1874.00000	49.72818	14.55945	72.77635
1875.00000	49.69096	14.34717	88.44849
1876.00000	61.59425	12.65731	80.19534
1877.00000	56.49712	14.95738	81.82174
1878.00000	45.30055	14.39861	84.11065
1879.00000	51.17923	15.49574	87.76758
1880.00000	46.86327	11.92170	81.87083
1881.00000	43.03091	14.09519	71.79659
1882.00000	52.51866	12.49476	71.47182
1883.00000	48.05389	11.56942	81.02667
1884.00000	65.12913	15.00826	76.84977
1885.00000	69.92625	13.39605	78.44250
1886.00000	44.14716	10.84983	81.74190
1887.00000	50.50951	16.01598	81.99817
1888.00000	48.46316	15.00096	84.11792
1889.00000	50.36068	14.98255	83.37833
1890.00000	50.69554	12.22169	76.26862
1891.00000	48.79803	13.86632	62.39685
1892.00000	40.31481	10.93221	79.50388
1893.00000	52.81632	14.85858	84.96325
1894.00000	58.46904	15.08738	80.15963
1895.00000	48.20267	15.09464	84.13823
1896.00000	49.50488	15.14715	80.33740
1897.00000	49.24446	15.35802	85.65317
1898.00000	50.21187	15.26736	77.47471
1899.00000	52.89068	14.03743	64.78745
1900.00000	48.12830	12.74079	73.61086
1901.00000	49.02122	12.91798	87.32214
1902.00000	55.53237	14.64550	87.11664
1903.00000	52.03499	15.19038	83.06692
1904.00000	51.47685	15.87991	77.02318
1905.00000	46.30517	11.52864	79.39875
1906.00000	47.45854	12.90692	76.98984
1907.00000	55.04869	12.61501	87.69808
1908.00000	51.73733	15.97062	83.28972
1909.00000	51.66288	14.40560	80.45443
1910.00000	46.15634	14.79623	67.57990
1911.00000	60.55265	10.25687	77.68318
1912.00000	51.81174	13.69070	84.99231
1913.00000	45.82139	11.67821	84.13552
1914.00000	48.90965	13.47411	70.47857
1915.00000	56.23083	11.99226	88.51206
1916.00000	50.73276	15.22655	73.02659
1917.00000	48.01669	12.94512	87.19183
1918.00000	52.29544	15.15956	66.20445
1919.00000	47.16089	11.49861	91.34802
1920.00000	48.16550	16.15403	88.26055
1921.00000	53.48604	14.26303	76.66979
1922.00000	41.95193	11.75888	81.50146
1923.00000	45.41221	14.01604	84.23831
1924.00000	49.61656	15.48729	78.93888
1925.00000	51.81174	13.06431	75.74526
1926.00000	42.39840	12.24010	74.91752
1927.00000	50.28629	12.65088	71.90713
1928.00000	49.65375	11.61141	81.84687
1929.00000	47.53300	14.49945	78.49573
1930.00000	52.89071	14.42084	71.77010
1931.00000	50.47232	14.49026	90.34745
1932.00000	46.52836	13.94226	82.83106
1933.00000	52.18381	14.00642	82.88028
1934.00000	48.68640	14.97733	76.91297
1935.00000	44.77965	11.98410	83.31581
1936.00000	55.08589	14.29082	80.30042
1937.00000	51.25364	13.89864	84.63753
1938.00000	46.34237	13.13043	84.16755
1939.00000	50.10021	14.45219	74.50451
1940.00000	48.09106	13.01941	81.49674
1941.00000	48.53753	12.40722	84.27172
1942.00000	51.62571	13.34056	87.12315
1943.00000	49.02124	12.92679	86.12430
1944.00000	47.19813	14.41833	74.28930
1945.00000	51.43962	11.95292	80.09031
1946.00000	52.48147	14.13769	82.14104
1947.00000	51.14204	15.58992	76.46620
1948.00000	49.54216	13.67654	79.91914
1949.00000	51.03042	13.60493	88.71614
1950.00000	45.97026	14.92148	75.05083
1951.00000	62.74697	14.43449	83.55589
1952.00000	51.14204	14.31539	76.02245
1953.00000	47.27250	13.13699	80.21088
1954.00000	53.37441	14.95487	82.13747
1955.00000	48.42596	12.93709	75.93169
1956.00000	49.46772	13.16620	76.97495
1957.00000	51.17923	11.46776	89.22060
1958.00000	63.75203	18.71638	86.72021
1959.00000	50.91879	13.41366	76.46375
1960.00000	46.64001	11.04926	70.87195
1961.00000	56.49971	12.95369	88.46519
1962.00000	52.63028	13.28151	72.12841
1963.00000	42.62167	12.69014	79.83667
1964.00000	45.63544	12.02866	84.35781
1965.00000	50.50947	15.54292	85.89781
1966.00000	50.13747	14.57505	87.32937
1967.00000	51.51407	14.34272	68.18615
1968.00000	39.53346	13.47197	76.72146
1969.00000	45.30058	13.34928	82.97187
1970.00000	60.51557	13.62579	63.05167
1971.00000	57.09267	12.46668	83.79453
1972.00000	48.27713	11.93912	80.38213
1973.00000	49.91419	13.39753	87.12362
1974.00000	49.28168	14.53752	76.28385
1975.00000	60.58948	13.14651	82.10948
1976.00000	48.05389	15.18880	72.87745
1977.00000	48.90964	10.86488	88.22602
1978.00000	53.82088	15.24501	89.26786
1979.00000	49.13286	15.56766	81.32448
1980.00000	50.10024	12.15876	89.57114
1981.00000	46.93768	15.85454	73.25935
1982.00000	59.36223	13.35086	72.89609
1983.00000	46.19350	11.44030	79.41586
1984.00000	60.84965	14.02895	77.98531
1985.00000	47.30975	14.66016	77.87029
1986.00000	48.83519	13.80090	76.42091
1987.00000	46.86327	13.18281	78.20787
1988.00000	47.60737	14.08158	74.12502
1989.00000	59.88310	10.66343	84.49013
1990.00000	43.14256	12.36808	88.74211
1991.00000	53.30000	16.21273	77.03867
1992.00000	44.77968	14.13118	68.47234
1993.00000	55.60347	14.14894	89.37940
1994.00000	52.44426	14.66027	75.34284
1995.00000	46.08192	12.94526	74.36279
1996.00000	46.93769	11.88608	80.21752
1997.00000	59.10170	12.97440	90.31276
1998.00000	51.55131	17.17378	76.50502
1999.00000	46.41679	13.16512	81.58880
2000.00000	47.19814	15.62908	76.21807
2001.00000	64.31044	15.49083	77.96383
2002.00000	60.70151	14.65611	74.84945
2003.00000	46.60282	12.52610	87.80383
2004.00000	46.15634	14.71393	84.91989
2005.00000	47.53300	13.35891	67.20758
