Year		Latitude	Strength	NAO_index
1851.00000	60.81290	7.72972	62.20787
1852.00000	45.82137	7.31671	47.47393
1853.00000	50.28341	6.41045	64.15862
1854.00000	44.29599	13.13972	64.09154
1855.00000	46.71441	10.37061	44.00633
1856.00000	49.39320	7.51531	55.91172
1857.00000	43.96107	10.27759	65.68963
1858.00000	46.78883	10.12787	53.09292
1859.00000	56.42232	7.22876	48.35711
1860.00000	36.96612	8.25490	58.18792
1861.00000	61.10998	7.24163	57.56984
1862.00000	44.18435	8.26940	56.51162
1863.00000	48.72358	7.70612	66.21784
1864.00000	55.04869	9.18825	56.54062
1865.00000	37.00335	9.67075	51.80521
1866.00000	40.09156	9.28965	46.30969
1867.00000	50.43510	7.85594	61.54409
1868.00000	49.17009	9.97043	53.62065
1869.00000	45.48651	8.14540	52.86568
1870.00000	45.11454	8.06529	46.99287
1871.00000	38.30561	10.17850	44.84023
1872.00000	39.01255	9.24377	57.20581
1873.00000	39.45902	9.70233	62.12500
1874.00000	43.66347	8.70686	72.23409
1875.00000	42.88207	10.00456	55.52698
1876.00000	44.89128	8.92145	45.73771
1877.00000	39.68226	10.28013	61.15393
1878.00000	57.16628	10.50153	59.51719
1879.00000	59.28739	9.08983	46.10987
1880.00000	44.48197	9.41721	45.24193
1881.00000	43.62622	9.45990	50.60245
1882.00000	54.26469	8.33032	67.80338
1883.00000	44.89127	9.63447	54.92828
1884.00000	41.05892	7.18619	60.06250
1885.00000	49.16993	7.44939	49.78646
1886.00000	44.66800	9.49550	49.77422
1887.00000	43.77507	9.03308	54.11307
1888.00000	38.38003	10.53508	46.32242
1889.00000	36.25918	6.87546	75.40255
1890.00000	51.29084	10.45022	53.89971
1891.00000	43.03092	10.92450	55.65448
1892.00000	46.78884	9.20406	50.88367
1893.00000	44.33314	7.78478	55.68888
1894.00000	54.78538	10.47846	53.14901
1895.00000	65.83590	6.11501	57.74156
1896.00000	41.95193	11.70899	42.31719
1897.00000	39.86831	10.05177	62.36570
1898.00000	41.95192	11.70779	48.75310
1899.00000	49.50491	8.24921	61.53873
1900.00000	44.85406	8.08283	56.11102
1901.00000	58.95164	8.84179	52.34560
1902.00000	42.95653	9.94917	54.59076
1903.00000	36.37082	6.69535	58.61424
1904.00000	66.65115	8.00330	52.79724
1905.00000	52.10931	8.25415	58.15250
1906.00000	51.25365	9.66966	38.08620
1907.00000	38.67767	8.02119	51.10885
1908.00000	42.99374	8.67487	47.02263
1909.00000	39.45904	10.53020	46.97646
1910.00000	72.86500	6.76245	48.12234
1911.00000	40.68689	9.94102	55.38310
1912.00000	41.28219	7.09259	48.45852
1913.00000	40.42642	10.20660	47.26422
1914.00000	39.27301	9.72347	56.57797
1915.00000	45.74697	7.78931	54.95398
1916.00000	42.62167	9.84133	49.35646
1917.00000	34.51044	8.84333	53.50287
1918.00000	40.64968	10.10590	58.28893
1919.00000	38.08237	9.29891	62.82669
1920.00000	46.37958	10.76266	53.48713
1921.00000	54.37600	9.77157	57.85969
1922.00000	47.90497	9.35113	57.67708
1923.00000	54.59915	9.27724	58.10008
1924.00000	61.92869	8.78735	54.96365
1925.00000	39.49623	10.08888	56.58013
1926.00000	45.18895	8.35909	66.28820
1927.00000	45.56096	8.97996	60.25604
1928.00000	51.43680	7.83920	42.31773
1929.00000	50.69191	8.69523	48.05443
1930.00000	44.55634	9.15354	38.55346
1931.00000	35.66388	8.87161	48.77995
1932.00000	41.95182	8.85632	65.19836
1933.00000	57.42986	8.20060	57.84406
1934.00000	40.50083	7.64085	62.08719
1935.00000	48.12825	9.14479	59.14127
1936.00000	47.94226	8.20077	61.92294
1937.00000	56.42223	11.31669	50.22812
1938.00000	44.37029	9.82295	58.33958
1939.00000	58.13394	7.69670	45.02133
1940.00000	51.47373	9.05439	54.51156
1941.00000	44.03550	6.73203	54.74302
1942.00000	42.69607	8.21737	48.35362
1943.00000	51.77441	6.32075	48.90810
1944.00000	38.97533	9.45468	62.35873
1945.00000	60.62639	10.06812	43.94188
1946.00000	59.43592	8.57751	58.03643
1947.00000	48.12827	8.28183	50.92609
1948.00000	48.53753	7.35997	54.94992
1949.00000	40.16597	10.79766	55.20203
1950.00000	40.87290	9.10387	58.91998
1951.00000	47.12369	9.77113	61.19172
1952.00000	51.51410	6.69462	53.11466
1953.00000	48.50033	9.19720	43.27406
1954.00000	33.20817	9.30115	54.46016
1955.00000	44.14711	8.23420	54.12534
1956.00000	40.68688	7.96324	53.50544
1957.00000	57.50085	10.39077	58.40552
1958.00000	61.78042	8.91769	58.34055
1959.00000	47.38413	8.41241	58.46211
1960.00000	48.46313	8.30935	51.09000
1961.00000	66.57673	8.45228	61.25510
1962.00000	41.54263	11.64070	49.57862
1963.00000	36.40803	8.87162	52.91172
1964.00000	41.39382	8.68732	59.37474
1965.00000	65.79835	6.71403	47.67771
1966.00000	43.51457	9.84442	42.28544
1967.00000	39.79390	9.25644	66.27000
1968.00000	58.87688	11.12642	55.43680
1969.00000	51.73730	6.54378	57.10838
1970.00000	48.46315	9.61014	62.92049
1971.00000	52.22098	6.96209	64.82141
1972.00000	46.04472	10.69861	56.22937
1973.00000	41.24500	10.58303	55.67060
1974.00000	42.54723	6.52647	52.01508
1975.00000	50.61786	5.94497	49.66320
1976.00000	43.62615	7.50914	50.62162
1977.00000	39.01254	10.03265	53.71734
1978.00000	42.24960	9.33316	53.93242
1979.00000	54.56222	7.59993	52.05471
1980.00000	42.32398	7.02199	64.19112
1981.00000	44.81689	11.72143	69.72279
1982.00000	50.54674	9.27093	61.39877
1983.00000	45.70975	8.96782	49.85849
1984.00000	33.76629	7.93827	60.49070
1985.00000	53.33409	9.64327	41.08016
1986.00000	37.04055	7.16373	47.55719
1987.00000	44.51920	9.21163	59.37258
1988.00000	56.98058	8.75842	55.67326
1989.00000	38.90093	8.16707	47.16255
1990.00000	50.54669	6.99519	62.89044
1991.00000	48.31430	9.76240	56.52948
1992.00000	47.12363	7.85699	68.45443
1993.00000	49.46767	8.89059	55.86672
1994.00000	39.31021	12.83364	48.05141
1995.00000	45.63535	8.00099	62.26818
1996.00000	47.57015	10.41385	55.29974
1997.00000	43.25419	9.86329	55.74057
1998.00000	42.91932	11.75044	50.34245
1999.00000	38.75210	12.58925	64.58224
2000.00000	43.55185	9.66947	50.11224
2001.00000	39.86832	9.31884	45.80977
2002.00000	39.53345	8.64401	54.07018
2003.00000	40.68687	7.60767	59.58760
2004.00000	42.91933	7.58800	61.04193
2005.00000	43.21691	10.71947	52.15055
2006.00000	41.50544	8.40774	66.93471
2007.00000	42.28680	10.18633	58.88294
2008.00000	39.23579	8.37768	58.50615
2009.00000	62.93339	7.10111	50.00417
2010.00000	37.22660	9.60984	54.17763
