Year		Latitude	Strength	NAO_index
1851.00000	46.93769	14.02921	18.43375
1852.00000	44.40757	10.15808	28.58716
1853.00000	45.07733	11.92363	8.85172
1854.00000	37.41264	13.37448	28.92995
1855.00000	44.55644	12.20233	32.66378
1856.00000	42.58446	15.89864	18.77721
1857.00000	39.38463	13.23281	39.23443
1858.00000	49.76538	13.77365	37.15646
1859.00000	47.12370	13.34822	25.71297
1860.00000	44.40761	15.44973	43.29094
1861.00000	47.71904	12.68958	18.52344
1862.00000	41.02176	12.33300	24.90419
1863.00000	44.85409	11.81837	40.72396
1864.00000	47.08651	11.87269	30.06641
1865.00000	43.10536	11.96844	36.95974
1866.00000	45.33779	13.49048	26.58234
1867.00000	42.65888	12.85333	28.07526
1868.00000	42.84491	14.17611	27.16745
1869.00000	43.99833	15.31471	27.85443
1870.00000	44.55641	13.78572	26.84352
1871.00000	46.45398	11.89182	36.23768
1872.00000	47.34696	12.51671	28.81086
1873.00000	46.04472	12.55535	29.05716
1874.00000	47.45858	12.03354	36.42503
1875.00000	51.47688	10.93500	35.55521
1876.00000	42.88212	17.12815	28.39107
1877.00000	43.55185	13.50035	18.40076
1878.00000	39.60787	11.22551	46.22037
1879.00000	47.60740	13.93478	42.14088
1880.00000	47.23534	11.96194	33.94425
1881.00000	42.80770	14.13751	32.05779
1882.00000	44.55644	13.86876	40.73258
1883.00000	44.14715	14.57596	42.32588
1884.00000	45.22617	14.21847	25.58430
1885.00000	48.09102	10.76406	25.44409
1886.00000	42.43562	13.74979	22.40104
1887.00000	39.90553	13.91153	25.86990
1888.00000	48.23988	11.64971	29.50628
1889.00000	44.74248	12.34631	17.83042
1890.00000	46.56560	13.99081	31.17112
1891.00000	47.68181	12.28781	30.72391
1892.00000	48.31434	13.60657	24.37573
1893.00000	44.25877	14.36999	32.72599
1894.00000	47.49579	14.23176	26.31477
1895.00000	48.01666	12.88023	25.52792
1896.00000	42.80770	15.11907	10.73896
1897.00000	41.87751	11.67445	40.28862
1898.00000	46.71444	14.10347	25.80919
1899.00000	58.84126	10.81386	32.50872
1900.00000	50.10023	11.71198	33.86404
1901.00000	47.30976	15.09999	45.97336
1902.00000	47.68183	15.03036	34.31885
1903.00000	42.62167	13.22615	32.71198
1904.00000	42.69608	14.44815	35.39336
1905.00000	50.88159	11.64706	39.50857
1906.00000	44.03554	13.32851	39.34414
1907.00000	46.26796	12.82605	18.40594
1908.00000	39.60787	12.93959	33.47461
1909.00000	43.96113	15.44452	19.64047
1910.00000	43.96112	14.70389	17.53940
1911.00000	40.01715	12.12549	30.38391
1912.00000	45.89589	12.61416	39.81206
1913.00000	46.64003	13.23139	32.34805
1914.00000	43.21697	12.11262	27.79570
1915.00000	46.71445	12.88087	32.94690
1916.00000	46.56559	15.03703	27.18122
1917.00000	46.30516	12.45276	41.44623
1918.00000	40.38922	12.49049	20.56573
1919.00000	41.39382	11.50860	32.09930
1920.00000	46.56562	15.11483	24.38833
1921.00000	45.59819	10.10727	11.64305
1922.00000	35.81270	8.86530	43.46333
1923.00000	42.06356	14.89468	41.14752
1924.00000	48.50037	13.98853	38.78167
1925.00000	44.74247	11.11966	31.78888
1926.00000	42.62167	14.35237	22.57698
1927.00000	42.62166	12.51834	36.30885
1928.00000	48.61200	13.77205	27.24401
1929.00000	47.49578	11.94294	22.90667
1930.00000	52.96513	7.65879	25.49063
1931.00000	42.13797	15.48053	18.14792
1932.00000	39.97994	12.70093	30.25263
1933.00000	47.64460	11.80468	36.43266
1934.00000	47.23534	14.74601	39.57438
1935.00000	45.00290	15.01112	33.48026
1936.00000	45.33776	13.44799	11.08125
1937.00000	41.02174	12.58931	40.46279
1938.00000	48.05388	14.41761	12.24768
1939.00000	42.54725	11.61366	28.82370
1940.00000	46.04471	10.65067	30.02646
1941.00000	45.78425	12.04203	26.06437
1942.00000	44.25879	11.83051	31.78654
1943.00000	51.81175	11.41890	30.91539
1944.00000	43.55183	11.74511	25.53474
1945.00000	42.69608	14.52944	18.27917
1946.00000	41.95194	13.24478	27.93812
1947.00000	46.45395	12.34759	32.90583
1948.00000	47.79345	14.27948	30.85583
1949.00000	46.86325	11.04909	32.38250
1950.00000	47.42135	13.61524	41.09154
1951.00000	48.76082	13.80925	5.58266
1952.00000	39.83111	15.13490	19.71958
1953.00000	43.03094	9.99924	20.67974
1954.00000	40.83572	13.85001	38.90010
1955.00000	45.78427	13.17671	39.49336
1956.00000	46.64002	13.94478	39.85404
1957.00000	46.86324	14.70971	33.66560
1958.00000	43.44020	12.83936	17.27479
1959.00000	41.31940	10.60612	23.34271
1960.00000	41.39382	13.30341	25.24487
1961.00000	43.73787	14.62132	17.69234
1962.00000	41.54264	11.63874	14.91471
1963.00000	42.88212	13.38375	28.62456
1964.00000	45.82146	14.71560	26.53724
1965.00000	43.99831	11.96462	32.29737
1966.00000	44.22157	13.60678	30.08651
1967.00000	50.17464	11.80489	41.21917
1968.00000	44.10993	12.08989	24.65328
1969.00000	42.54725	13.00600	28.84664
1970.00000	40.27761	12.83157	21.30570
1971.00000	42.21238	12.84357	26.49547
1972.00000	47.57019	13.70283	25.63727
1973.00000	42.06356	11.30756	29.51510
1974.00000	44.25879	14.49616	41.65833
1975.00000	54.45340	11.46319	34.41112
1976.00000	43.14254	11.21434	20.41422
1977.00000	43.44022	15.37827	25.86521
1978.00000	48.53752	14.37445	13.00841
1979.00000	40.05436	9.92133	20.57911
1980.00000	43.21698	12.11755	25.01258
1981.00000	52.66743	8.06917	34.10391
1982.00000	44.85409	12.50457	31.91328
1983.00000	47.23534	13.40925	27.43057
1984.00000	48.31434	10.26146	29.46023
1985.00000	43.96111	12.77118	25.09729
1986.00000	41.39383	12.01704	18.70906
1987.00000	44.89131	15.64295	30.07495
1988.00000	43.81230	11.95143	41.33984
1989.00000	50.13745	12.85280	22.22312
1990.00000	43.03095	12.43676	26.22922
1991.00000	48.53757	11.51637	22.08401
1992.00000	41.57985	11.22653	37.27271
1993.00000	48.35152	11.52512	32.90909
1994.00000	46.90048	13.72229	9.31052
1995.00000	38.82651	11.36001	27.70591
1996.00000	44.33319	12.78908	34.71745
1997.00000	44.66806	12.86815	32.20862
1998.00000	45.82148	12.02822	27.38846
1999.00000	47.97947	14.18738	35.86964
2000.00000	44.37041	14.75751	30.49435
2001.00000	48.23991	13.70883	21.72099
2002.00000	45.67265	15.43774	38.98188
2003.00000	49.54212	12.32381	22.16099
2004.00000	43.51464	12.85664	26.68167
2005.00000	42.13797	14.65683	41.33365
