Year		Latitude	Strength	NAO_index
1851.00000	54.89987	11.09133	81.38977
1852.00000	53.18839	12.76769	68.05748
1853.00000	53.15115	10.41215	64.35674
1854.00000	49.02123	9.28279	74.81857
1855.00000	48.50036	11.33030	78.70190
1856.00000	52.89071	11.31872	69.86458
1857.00000	56.12766	9.46100	68.95752
1858.00000	53.07674	12.00959	65.70672
1859.00000	55.04857	8.43189	76.03143
1860.00000	47.45858	12.29936	77.59086
1861.00000	46.67724	12.28996	76.22656
1862.00000	50.43508	12.49083	73.88000
1863.00000	49.50487	9.70634	74.78385
1864.00000	45.82148	8.62219	73.49638
1865.00000	63.49150	8.38695	76.77615
1866.00000	52.22099	12.48416	61.85633
1867.00000	45.93299	7.80412	84.71560
1868.00000	54.45340	13.79614	74.97250
1869.00000	56.53689	8.20169	77.37625
1870.00000	46.97482	9.55562	80.84888
1871.00000	51.99776	12.55574	74.13745
1872.00000	48.23990	10.41906	66.90018
1873.00000	54.56501	10.40031	86.15464
1874.00000	52.22099	12.27069	86.60984
1875.00000	54.26735	12.49630	81.46099
1876.00000	56.09044	10.43686	72.21773
1877.00000	45.56103	10.66866	78.89112
1878.00000	52.55586	12.13925	75.25695
1879.00000	57.39266	10.77721	79.76138
1880.00000	55.83002	10.95273	75.34633
1881.00000	50.65833	12.45227	76.25578
1882.00000	53.82086	10.68972	66.06737
1883.00000	58.24820	10.35674	70.63828
1884.00000	48.98405	10.04368	55.80854
1885.00000	45.26332	12.05152	80.51299
1886.00000	52.77909	11.21433	76.28477
1887.00000	46.86327	12.42669	71.26123
1888.00000	55.34633	10.00514	80.19893
1889.00000	51.77451	11.24937	84.24083
1890.00000	49.02126	11.20521	72.71068
1891.00000	43.32859	12.30213	79.60008
1892.00000	52.85348	10.15152	79.21143
1893.00000	50.73276	12.63345	79.10667
1894.00000	62.97052	11.04276	60.41047
1895.00000	42.80768	7.58265	66.03417
1896.00000	46.37957	11.07536	75.94002
1897.00000	49.09566	11.90011	87.75109
1898.00000	48.42595	12.62039	71.21880
1899.00000	51.96052	10.86652	57.43245
1900.00000	53.63149	8.15466	75.01542
1901.00000	50.39787	11.71404	67.57552
1902.00000	57.83912	9.00270	69.90937
1903.00000	49.76539	11.39056	74.43958
1904.00000	44.07275	11.75949	75.99729
1905.00000	57.50427	9.43794	75.96229
1906.00000	66.35596	9.91448	72.34867
1907.00000	51.58850	10.52919	72.55635
1908.00000	53.37439	12.22822	78.53037
1909.00000	50.95601	11.63114	62.20437
1910.00000	41.72865	7.47750	68.21745
1911.00000	41.02172	9.72246	63.18271
1912.00000	45.11453	10.57143	75.38078
1913.00000	43.40302	12.46523	73.26281
1914.00000	52.51866	10.69595	79.13292
1915.00000	49.54213	11.61727	87.86091
1916.00000	55.49515	14.34809	70.57919
1917.00000	52.07211	9.85306	68.00044
1918.00000	47.53297	9.39618	75.84896
1919.00000	47.79344	14.73841	76.85664
1920.00000	51.29084	10.18589	69.29013
1921.00000	51.70013	8.64230	68.82516
1922.00000	54.89987	10.85797	75.05013
1923.00000	48.61195	9.93082	71.29877
1924.00000	54.78826	9.97014	73.72018
1925.00000	51.14204	12.15095	79.26958
1926.00000	62.41205	10.77386	80.56922
1927.00000	49.39332	11.68498	79.39518
1928.00000	50.32348	12.94456	78.89424
1929.00000	54.52778	11.55591	85.23464
1930.00000	55.38354	12.94682	79.58034
1931.00000	53.52322	10.38403	71.87873
1932.00000	47.79341	7.32069	66.70586
1933.00000	49.31889	9.84947	68.55451
1934.00000	53.26277	12.64915	60.96734
1935.00000	52.14659	6.23236	65.94138
1936.00000	39.90551	9.07607	89.99109
1937.00000	54.93708	12.55402	78.76430
1938.00000	45.48662	13.50311	76.18127
1939.00000	47.49576	11.02407	65.02393
1940.00000	52.74161	9.77973	72.51690
1941.00000	45.82137	10.59594	80.80190
1942.00000	45.41220	12.45247	82.43883
1943.00000	51.21643	12.63412	70.23049
1944.00000	53.07669	9.75238	80.08721
1945.00000	53.37435	10.26136	74.21078
1946.00000	58.17396	9.65492	68.44109
1947.00000	55.90442	9.86986	75.86969
1948.00000	46.75165	12.44382	78.54755
1949.00000	43.32859	10.49839	68.97828
1950.00000	51.29078	8.61027	61.90547
1951.00000	51.51406	9.31620	72.24560
1952.00000	60.77530	10.01893	73.78969
1953.00000	52.85353	10.78577	77.04401
1954.00000	45.48659	10.40846	80.70930
1955.00000	45.26331	10.86949	76.25745
1956.00000	46.37957	10.31120	79.27495
1957.00000	52.89071	10.39506	79.85224
1958.00000	53.48604	12.71592	61.71479
1959.00000	42.36122	7.31420	82.53016
1960.00000	50.73277	11.21918	67.79388
1961.00000	46.63997	8.99812	79.76482
1962.00000	55.75561	11.80988	66.64888
1963.00000	52.96509	12.11849	77.93880
1964.00000	51.73732	11.50356	83.99325
1965.00000	53.22558	12.47466	72.06430
1966.00000	58.20837	9.68267	79.29979
1967.00000	52.70468	12.44735	79.49630
1968.00000	49.72815	10.36122	66.48961
1969.00000	56.01601	9.85535	81.17620
1970.00000	51.25366	12.59728	75.13008
1971.00000	48.61199	14.38634	70.85229
1972.00000	47.57014	9.61745	78.73708
1973.00000	46.04472	12.37933	65.96477
1974.00000	51.14201	10.17726	67.91068
1975.00000	45.93310	11.42015	79.69393
1976.00000	51.17922	12.64479	82.37773
1977.00000	50.32350	13.54740	71.91396
1978.00000	51.70012	12.41646	74.57898
1979.00000	44.74248	11.76255	66.98833
1980.00000	53.89527	10.41014	69.32748
1981.00000	48.46316	11.55566	81.30414
1982.00000	53.26273	11.21787	66.71625
1983.00000	48.94685	7.56358	71.22068
1984.00000	45.15175	11.86091	80.40526
1985.00000	55.97883	11.57780	72.14268
1986.00000	58.80645	8.78952	80.13146
1987.00000	46.26796	11.84432	79.93052
1988.00000	54.67663	11.12162	68.34599
1989.00000	43.99834	10.33979	79.18547
1990.00000	49.65372	9.49887	81.47281
1991.00000	48.12830	11.90572	74.78419
1992.00000	50.91876	10.46688	83.00175
1993.00000	54.19296	10.03713	67.66271
1994.00000	50.21174	8.71690	72.66943
1995.00000	50.28626	11.38352	82.18138
1996.00000	54.49060	12.15206	56.25826
1997.00000	48.35152	7.41643	73.04713
1998.00000	44.22158	9.40092	77.28852
1999.00000	46.19355	10.33169	71.11883
2000.00000	43.73782	8.40223	67.99648
2001.00000	45.78428	11.13420	78.79523
2002.00000	52.10937	12.70425	68.64104
2003.00000	52.89070	8.49968	74.96740
2004.00000	46.37958	12.64017	80.16240
2005.00000	46.04472	13.78130	74.59406
