Year		Latitude	Strength	NAO_index
1851.00000	38.90092	8.30064	31.15573
1852.00000	42.39840	7.15911	45.53195
1853.00000	46.71436	5.86501	38.40901
1854.00000	51.81158	7.49823	17.24193
1855.00000	34.77090	11.77426	32.11943
1856.00000	49.02095	7.69663	30.67234
1857.00000	44.74239	6.82243	28.16565
1858.00000	34.62207	6.72184	44.63773
1859.00000	53.67203	8.25924	56.28810
1860.00000	46.04472	10.24565	13.84807
1861.00000	34.17557	10.93652	32.55130
1862.00000	47.42109	6.93205	27.21706
1863.00000	41.02168	7.02032	37.22854
1864.00000	57.27734	5.31136	23.92073
1865.00000	36.37082	7.40787	45.08646
1866.00000	41.61705	8.40036	51.14271
1867.00000	44.59354	9.64171	33.24925
1868.00000	41.28211	7.76842	29.68547
1869.00000	30.23155	4.53989	35.51794
1870.00000	40.83566	11.64217	39.27734
1871.00000	43.21681	8.13900	47.32557
1872.00000	47.19804	8.34360	37.52456
1873.00000	46.90033	8.70251	27.48352
1874.00000	34.39882	9.40005	38.20281
1875.00000	45.07722	8.02107	38.44518
1876.00000	42.24948	6.57117	41.31201
1877.00000	52.07207	8.57287	37.42909
1878.00000	49.80248	7.64374	39.02177
1879.00000	35.47784	5.64382	44.76323
1880.00000	40.38923	8.26508	38.77016
1881.00000	42.24958	7.92265	29.08425
1882.00000	41.43091	10.56309	41.47380
1883.00000	42.47281	10.37836	27.16911
1884.00000	35.66388	9.46676	30.26513
1885.00000	50.17431	5.31700	49.80607
1886.00000	49.05835	8.26006	36.67573
1887.00000	58.54179	7.06173	42.73404
1888.00000	59.54624	7.61205	45.32260
1889.00000	39.16135	11.06172	36.06987
1890.00000	41.13332	5.71202	44.33049
1891.00000	55.71840	8.92396	37.16813
1892.00000	47.34686	7.25057	28.43133
1893.00000	37.97073	9.72657	36.52552
1894.00000	42.36113	7.97135	43.44588
1895.00000	54.67660	7.58514	38.28432
1896.00000	50.65819	8.03003	35.71516
1897.00000	31.49662	6.32934	36.18810
1898.00000	47.01201	6.48702	39.23516
1899.00000	38.90092	8.81904	24.57208
1900.00000	37.22658	8.50802	45.89187
1901.00000	47.86783	10.71071	43.94096
1902.00000	48.09103	10.52441	42.25331
1903.00000	47.94225	8.74820	25.78586
1904.00000	38.04516	5.46881	38.00375
1905.00000	41.87740	6.77665	24.24792
1906.00000	34.10116	10.12155	32.34862
1907.00000	46.86319	8.13552	36.18581
1908.00000	59.21146	7.12121	36.26734
1909.00000	38.49164	8.18519	37.94956
1910.00000	50.58384	5.17808	40.00823
1911.00000	64.68034	6.74238	39.87956
1912.00000	50.39775	7.81621	39.12492
1913.00000	48.61197	6.61485	34.29990
1914.00000	45.78414	5.28384	37.29513
1915.00000	37.22659	8.21641	38.15508
1916.00000	39.04975	7.66639	37.19896
1917.00000	42.50996	9.48480	34.09622
1918.00000	37.00333	7.42449	28.95300
1919.00000	44.85397	6.64622	33.11849
1920.00000	35.21739	7.08511	34.43310
1921.00000	41.05895	9.48098	31.01107
1922.00000	38.67768	7.65858	36.49430
1923.00000	42.73327	12.36991	26.35289
1924.00000	38.60327	10.48688	37.66354
1925.00000	42.51001	8.29109	25.42651
1926.00000	34.02674	7.58466	36.33133
1927.00000	39.04975	9.86907	41.14398
1928.00000	59.99408	6.02364	38.41417
1929.00000	47.49568	8.34765	31.11987
1930.00000	37.82191	9.25151	23.67372
1931.00000	35.77550	8.00300	26.68747
1932.00000	41.65420	9.22411	42.89677
1933.00000	59.17102	7.63219	39.84146
1934.00000	46.34224	10.10100	42.61065
1935.00000	54.93315	8.45233	27.40042
1936.00000	68.09946	7.21206	54.71213
1937.00000	43.32857	9.48932	41.71333
1938.00000	39.83106	10.31541	25.94833
1939.00000	44.03543	8.06505	44.42906
1940.00000	48.83510	7.03248	29.49445
1941.00000	36.48243	8.89455	44.43937
1942.00000	40.68685	8.13320	40.83294
1943.00000	43.96113	8.32648	25.24911
1944.00000	39.42170	7.68099	47.09326
1945.00000	47.23526	8.00258	39.22370
1946.00000	37.93353	10.26053	45.83453
1947.00000	45.63536	7.92355	43.84310
1948.00000	52.92792	8.56238	48.81604
1949.00000	43.81227	8.60192	32.71937
1950.00000	41.13337	10.14421	40.34083
1951.00000	48.61188	9.19385	49.88448
1952.00000	55.68117	8.51680	31.37352
1953.00000	36.81732	8.25245	38.90130
1954.00000	41.65420	9.54189	28.47776
1955.00000	37.97074	8.07590	31.46117
1956.00000	33.84070	8.91024	51.33107
1957.00000	44.55644	12.09238	39.88190
1958.00000	55.08574	5.06520	32.75583
1959.00000	36.44524	8.26093	33.21086
1960.00000	45.41206	6.87945	41.62523
1961.00000	42.73318	9.28682	43.18667
1962.00000	50.43498	8.87233	32.85180
1963.00000	59.36084	5.95469	43.42104
1964.00000	49.87697	8.78470	46.46867
1965.00000	64.56962	8.94918	38.60497
1966.00000	57.80191	7.30453	40.56880
1967.00000	42.24946	7.77180	31.68984
1968.00000	39.31019	6.37085	35.44112
1969.00000	54.11563	6.16957	42.96081
1970.00000	49.76537	7.44461	23.12638
1971.00000	35.70109	8.61386	37.01622
1972.00000	35.58945	9.14012	47.25141
1973.00000	44.85409	7.24883	43.02169
1974.00000	45.93299	8.77788	33.87425
1975.00000	37.85911	9.17924	29.65425
1976.00000	35.73829	10.48143	27.33482
1977.00000	50.54270	7.49886	30.61930
1978.00000	34.84531	8.91195	41.62906
1979.00000	41.87749	9.34191	30.04057
1980.00000	42.17509	8.09129	29.76661
1981.00000	41.39381	8.44907	31.75818
1982.00000	39.71949	7.42079	31.24885
1983.00000	36.74289	6.86764	25.29143
1984.00000	35.58946	8.17736	39.16063
1985.00000	52.44425	7.24861	31.60281
1986.00000	38.67768	7.13575	38.28680
1987.00000	51.25360	6.42514	38.49281
1988.00000	42.69602	6.90273	47.90266
1989.00000	49.98863	8.61213	52.64630
1990.00000	55.64398	9.71780	49.00703
1991.00000	65.35169	8.66472	31.82052
1992.00000	43.55180	8.73117	40.86177
1993.00000	43.92381	8.91050	32.80859
1994.00000	37.93350	7.84580	27.97896
1995.00000	34.54765	6.82155	41.89018
1996.00000	39.75665	9.70814	42.06740
1997.00000	38.90092	6.85297	43.92000
1998.00000	54.78822	9.62713	34.65500
1999.00000	41.95184	7.76169	47.97182
2000.00000	42.43560	6.33005	38.32206
2001.00000	38.41721	7.02146	47.59630
2002.00000	47.16093	8.34291	30.23552
2003.00000	36.18476	6.53368	27.86471
2004.00000	36.81730	6.47514	44.50299
2005.00000	47.45846	8.43975	21.41719
2006.00000	32.50122	7.89052	32.69081
2007.00000	46.67705	7.83847	41.86307
2008.00000	45.97023	7.26762	41.08969
2009.00000	64.45829	8.62997	31.75039
2010.00000	50.39775	8.75467	25.31255
2011.00000	33.46863	9.80806	29.56240
2012.00000	35.36622	9.60772	42.21414
