Year		Latitude	Strength	NAO_index
1851.00000	58.17396	8.77556	63.34107
1852.00000	48.23990	12.17779	58.16516
1853.00000	41.50544	9.47953	68.03060
1854.00000	43.44020	10.09671	72.74451
1855.00000	50.10023	14.24923	64.69609
1856.00000	53.89525	7.68040	64.12458
1857.00000	52.18374	12.70324	70.03596
1858.00000	55.01145	8.99994	56.57013
1859.00000	47.90496	8.40671	66.09552
1860.00000	46.41675	10.92565	75.84958
1861.00000	61.44433	11.14836	69.75357
1862.00000	46.15634	11.79415	67.12552
1863.00000	43.17974	9.20252	61.78995
1864.00000	39.23580	11.30116	75.24174
1865.00000	46.19355	11.27724	80.56776
1866.00000	45.33771	11.14779	75.70758
1867.00000	53.26277	8.96421	69.53922
1868.00000	42.62167	10.68540	78.33198
1869.00000	57.09500	10.95271	74.60448
1870.00000	45.18896	12.87747	73.75820
1871.00000	51.99774	11.45041	65.98430
1872.00000	39.53344	11.87816	69.94516
1873.00000	46.86325	9.87387	77.86328
1874.00000	46.15633	12.98433	79.19073
1875.00000	50.21187	14.17938	70.92836
1876.00000	44.40761	14.34017	58.10760
1877.00000	49.61643	9.59959	78.80813
1878.00000	47.97946	11.41041	63.32187
1879.00000	54.93708	8.12190	68.98828
1880.00000	40.94733	8.83937	67.13518
1881.00000	40.68688	10.87307	72.03034
1882.00000	52.74190	9.81067	67.79766
1883.00000	42.69607	11.21423	62.54888
1884.00000	40.20314	6.94318	60.42177
1885.00000	44.92845	10.36699	84.51558
1886.00000	44.70526	12.28683	71.61956
1887.00000	43.06814	10.20778	66.31633
1888.00000	44.77968	10.46486	67.42258
1889.00000	51.25357	7.93698	79.76966
1890.00000	48.05382	12.86256	64.51484
1891.00000	44.44476	9.87661	66.70461
1892.00000	53.48603	10.13985	74.12919
1893.00000	52.10934	9.16599	80.16401
1894.00000	45.97025	12.13110	63.15914
1895.00000	56.30244	9.13955	71.71263
1896.00000	48.12829	9.45321	75.32349
1897.00000	45.82148	12.27402	74.36510
1898.00000	54.08125	11.99201	70.44810
1899.00000	51.47685	10.93905	70.18219
1901.00000	41.72868	9.69796	68.52521
1902.00000	44.44473	9.61349	59.72307
1903.00000	53.56044	10.97027	76.59773
1904.00000	56.38810	11.97835	78.36255
1905.00000	51.81173	12.47683	76.21492
1906.00000	47.23529	10.33966	65.32279
1907.00000	46.19348	13.03599	88.46526
1908.00000	51.43965	12.58783	65.93287
1909.00000	48.68639	11.45973	73.53951
1910.00000	52.89074	13.10329	80.76065
1911.00000	48.53758	11.34815	69.06271
1912.00000	49.65364	8.87249	79.34534
1913.00000	36.25918	9.56558	56.62885
1914.00000	44.44481	10.59590	66.29234
1915.00000	46.56562	10.74100	65.37721
1916.00000	45.97022	10.70452	72.88294
1917.00000	42.28672	10.54556	66.56612
1918.00000	48.90958	13.26554	75.14180
1919.00000	48.98406	13.60132	79.60276
1920.00000	46.15633	12.65405	73.96088
1921.00000	45.11451	10.59304	57.47516
1922.00000	45.15175	12.39402	74.60331
1923.00000	45.00292	11.86686	75.76070
1924.00000	51.29081	11.72950	72.86062
1925.00000	48.27709	11.49630	70.77109
1926.00000	51.99775	11.80565	67.77060
1927.00000	51.47684	11.25750	76.00107
1928.00000	55.27193	9.91280	59.44307
1929.00000	42.99373	9.03100	49.88482
1930.00000	48.05380	10.33672	80.34893
1931.00000	44.33320	11.49044	64.18034
1932.00000	53.73980	11.44119	62.43752
1933.00000	44.25878	13.66017	64.51338
1934.00000	53.93243	6.78650	61.45922
1935.00000	46.52838	10.06177	63.79823
1936.00000	47.42138	11.85847	70.99112
1937.00000	59.09795	11.81749	72.55287
1938.00000	46.00748	12.93264	73.64154
1939.00000	40.05432	12.18477	73.34201
1940.00000	44.96562	12.42605	65.10732
1941.00000	46.90048	9.95022	72.34344
1942.00000	42.77048	11.00894	68.33276
1943.00000	44.66804	10.41924	68.04432
1944.00000	42.95651	9.31914	69.74998
1945.00000	44.63086	12.32663	70.60107
1946.00000	45.04014	12.24644	75.83627
1947.00000	42.39841	12.06497	68.63838
1948.00000	54.67663	12.57945	81.43596
1949.00000	53.82085	10.72624	70.29221
1950.00000	44.10983	11.48883	55.05346
1951.00000	42.91931	10.31386	57.99826
1952.00000	45.07728	9.67251	68.14471
1953.00000	42.73329	11.02951	60.35998
1954.00000	42.47282	11.51578	67.30026
1955.00000	54.37896	10.92616	75.25880
1956.00000	52.22100	10.32878	70.11417
1957.00000	44.03550	8.69599	66.50463
1958.00000	43.36579	10.17881	79.31474
1959.00000	42.36121	12.74797	76.76771
1960.00000	46.60272	11.72622	64.10169
1961.00000	55.45791	8.14973	62.88505
1962.00000	43.88668	10.98300	61.48682
1963.00000	42.24958	10.23318	69.44906
1964.00000	46.15632	12.31346	81.91135
1965.00000	46.45396	12.60582	76.62448
1966.00000	55.12303	9.98415	69.85037
1967.00000	51.66290	12.94836	77.42146
1968.00000	44.29596	10.90917	78.25380
1969.00000	53.89527	8.39826	53.61187
1970.00000	41.98912	7.96968	59.23057
1971.00000	44.40759	10.12534	73.38250
1972.00000	52.89069	11.21584	70.20068
1973.00000	55.12308	10.32688	72.90615
1974.00000	51.99778	11.67405	79.94180
1975.00000	38.23119	8.36494	56.48315
1976.00000	45.82143	11.68247	53.95076
1977.00000	43.81228	10.15230	74.44250
1978.00000	53.03956	11.07866	69.73990
1979.00000	49.39320	10.89703	76.69023
1980.00000	47.04925	10.31380	78.42229
1981.00000	49.61656	13.96095	75.13873
1982.00000	48.27708	10.39672	64.26388
1983.00000	42.58445	12.25570	70.46542
1984.00000	50.43508	12.71583	82.18972
1985.00000	49.05845	12.36666	77.28135
1986.00000	50.65835	12.83910	71.31498
1987.00000	47.23527	8.20932	59.78365
1988.00000	49.80259	9.93073	72.94013
1989.00000	43.81224	11.89829	69.23229
1990.00000	52.48147	12.74249	81.74057
1991.00000	45.33779	12.32661	77.10034
1992.00000	50.84432	10.61428	70.37789
1993.00000	42.73327	11.91820	67.42185
1994.00000	49.50494	12.34567	76.11680
1995.00000	42.24959	12.77083	68.81576
1996.00000	44.03552	11.71895	70.34477
1997.00000	49.76538	10.57640	68.61917
1998.00000	51.29082	9.57867	72.39474
1999.00000	50.17453	9.31805	57.66990
2000.00000	41.57986	10.48749	65.45305
2001.00000	42.69607	10.84246	65.72109
2002.00000	45.63545	10.06072	65.10398
2003.00000	49.61652	9.17518	75.55690
2004.00000	50.62115	13.67622	77.18979
2005.00000	42.54724	9.80336	67.39232
2006.00000	53.25969	9.59855	58.94062
2007.00000	45.67256	8.66316	68.14773
2008.00000	39.49624	10.77228	60.97211
2009.00000	44.74245	12.92629	74.25427
