Year		Latitude	Strength	NAO_index
1851.00000	43.73788	11.26706	1.45685
1852.00000	43.40302	13.35485	2.99216
1853.00000	43.58904	9.75409	3.38552
1854.00000	39.86832	10.72925	-9.48240
1855.00000	42.91923	9.84545	4.81654
1856.00000	43.29133	10.77579	-3.72786
1857.00000	41.76589	10.70380	13.94529
1858.00000	44.48203	13.50097	-6.54927
1859.00000	38.52886	11.81309	-3.16456
1860.00000	48.27709	11.11866	-3.16602
1861.00000	46.86326	13.36383	13.76203
1862.00000	50.47229	12.52792	-19.34398
1863.00000	37.85910	11.42353	18.36534
1864.00000	46.37959	14.00402	14.94128
1865.00000	47.53299	13.01418	6.87440
1866.00000	43.29140	11.19597	-0.93008
1867.00000	45.70977	11.07823	10.70547
1868.00000	45.18896	13.53115	12.21641
1869.00000	50.76997	10.48183	14.66536
1870.00000	44.92851	13.20694	3.76544
1871.00000	45.22608	11.84695	5.49708
1872.00000	37.85911	11.53964	9.53523
1873.00000	46.56561	10.33207	5.05362
1874.00000	50.69553	9.45851	17.72094
1875.00000	50.47229	11.72648	-9.66961
1876.00000	47.45851	8.54540	2.22227
1877.00000	51.70011	9.44642	13.87427
1878.00000	46.78886	11.49871	8.10766
1879.00000	44.77968	13.78475	10.11622
1880.00000	44.44479	11.03468	5.50060
1881.00000	44.03554	11.70271	15.94065
1882.00000	48.20265	12.07801	-6.28570
1883.00000	42.47284	8.45081	-9.95091
1884.00000	38.60327	13.04398	-1.35818
1885.00000	45.22608	11.55055	19.86042
1886.00000	44.25877	12.35486	11.04076
1887.00000	50.84435	12.20923	-8.96857
1888.00000	33.91511	8.05915	-11.01763
1889.00000	40.16598	12.79091	11.15711
1890.00000	42.69607	12.26261	-1.57505
1891.00000	41.28219	10.89525	0.43701
1892.00000	42.69598	9.87278	11.80076
1893.00000	47.08651	11.00515	-2.27169
1894.00000	43.32857	8.64248	0.23159
1895.00000	37.67309	11.31276	2.51174
1896.00000	43.03095	13.54614	0.31320
1897.00000	43.96108	10.94345	11.97138
1898.00000	54.23014	8.86109	13.74404
1899.00000	42.24958	11.51078	4.66393
1900.00000	44.77968	11.39001	6.73135
1901.00000	45.56102	10.37731	3.07690
1902.00000	45.56103	12.01400	-2.16372
1903.00000	46.30510	5.39577	14.94339
1904.00000	48.53753	11.27075	5.16060
1905.00000	47.71894	11.13350	15.08865
1906.00000	47.49579	11.02153	3.88846
1907.00000	40.53804	9.60246	2.58440
1908.00000	39.45904	13.02525	1.70417
1909.00000	40.87292	10.84343	5.79758
1910.00000	42.65885	10.26362	-12.66641
1911.00000	39.64508	10.65825	18.88346
1912.00000	44.92849	14.39137	4.58836
1913.00000	46.64003	10.09052	-5.26497
1914.00000	46.97489	9.73290	-12.83958
1915.00000	45.07724	11.76671	-0.15049
1916.00000	43.36581	10.08016	6.80674
1917.00000	44.22158	11.42236	16.98195
1918.00000	45.97031	12.37416	10.06820
1919.00000	45.85868	11.29203	-11.95039
1920.00000	40.20319	12.82772	-16.25461
1921.00000	42.13797	11.49236	6.33055
1922.00000	48.35150	11.84458	14.48617
1923.00000	44.18437	15.16350	5.61432
1924.00000	50.50938	9.22778	9.94177
1925.00000	43.92392	14.14159	6.52971
1926.00000	43.21698	12.39927	6.26641
1927.00000	41.65428	10.66718	-7.08000
1928.00000	39.04975	11.05679	12.57839
1929.00000	47.12372	9.05464	-3.36969
1930.00000	41.02175	10.26641	5.66482
1931.00000	43.21697	8.48763	12.91401
1932.00000	48.23988	11.58519	1.56419
1933.00000	43.06814	10.98326	6.78320
1934.00000	52.33261	10.87956	13.10669
1935.00000	47.79341	11.05655	-12.73672
1936.00000	39.68229	9.39198	-9.29797
1937.00000	38.90092	9.05559	1.36372
1938.00000	45.15175	10.70983	8.21602
1939.00000	42.91932	9.30140	0.13982
1940.00000	41.98910	10.63876	13.33862
1941.00000	43.92392	12.69610	-7.58875
1942.00000	41.46824	10.46089	-11.35685
1943.00000	38.82650	8.19730	-26.28552
1944.00000	37.44984	11.50678	0.20716
1945.00000	41.61704	10.37839	4.23755
1946.00000	43.40301	10.41433	3.59654
1947.00000	43.25419	14.41846	4.22453
1948.00000	39.71949	11.49394	5.30055
1949.00000	41.72868	11.62822	-9.21440
1950.00000	47.90504	7.36622	13.06630
1951.00000	43.81230	13.02030	10.43229
1952.00000	48.64915	10.54463	-3.95445
1953.00000	36.14758	9.03561	-8.95086
1954.00000	35.40342	7.75307	9.34255
1955.00000	50.65834	12.13325	1.31789
1956.00000	40.01715	12.45377	1.02740
1957.00000	45.33778	12.39107	16.53255
1958.00000	49.17006	11.87538	18.58516
1959.00000	44.81685	10.64962	-8.71867
1960.00000	38.75209	9.02769	-11.86404
1961.00000	42.54721	12.96954	-1.52648
1962.00000	44.77968	9.59370	12.61594
1963.00000	45.18886	8.69449	8.45536
1964.00000	45.18896	12.03699	13.52570
1965.00000	48.12829	10.68122	6.56956
1966.00000	50.62106	9.48744	2.82286
1967.00000	42.54725	9.78283	-10.12747
1968.00000	45.41212	6.96198	11.39260
1969.00000	48.12827	12.11449	2.42151
1970.00000	44.18434	11.23523	13.62659
1971.00000	44.77967	13.42741	6.98633
1972.00000	46.11906	10.82518	-2.97529
1973.00000	39.16138	11.59894	-22.93901
1974.00000	35.73830	11.43165	9.87000
1975.00000	44.29595	10.20604	-2.36260
1976.00000	40.83571	11.99918	-0.40674
1977.00000	43.62625	12.57710	10.56065
1978.00000	43.21698	9.21248	-5.45505
1979.00000	42.28678	10.81827	-2.73414
1980.00000	40.87292	11.69885	-2.53375
1981.00000	37.85912	9.33707	-18.32336
1982.00000	36.85451	8.06147	-6.32667
1983.00000	42.88208	11.63756	19.33885
1984.00000	45.97031	14.30728	-8.43109
1985.00000	40.76127	8.55230	10.24789
1986.00000	50.88157	10.15795	11.97750
1987.00000	44.33320	12.95338	5.10667
1988.00000	42.65886	12.55382	-10.14323
1989.00000	45.63540	10.25661	1.38583
1990.00000	44.07275	11.94768	10.14242
1991.00000	44.33320	10.80769	-2.96344
1992.00000	41.24497	10.38340	6.40771
1993.00000	39.23579	9.71264	2.35370
1994.00000	42.88212	10.36051	1.55719
1995.00000	40.68687	12.57209	-11.88216
1996.00000	40.57527	12.80621	-18.93844
1997.00000	36.78009	6.97760	-3.02612
1998.00000	40.76130	12.89225	13.00849
1999.00000	42.88200	10.53051	2.47081
2000.00000	48.68639	12.58779	-19.29940
2001.00000	36.33362	8.16319	14.26729
2002.00000	45.26338	12.46386	-1.89589
2003.00000	40.98455	13.74321	2.49078
2004.00000	44.03554	11.77840	5.57799
2005.00000	43.96113	12.73863	14.84065
