Year		Latitude	Strength	NAO_index
1851.00000	53.56038	9.26399	60.15409
1852.00000	42.99364	9.87179	60.39073
1853.00000	43.62626	13.56096	68.96789
1854.00000	41.65427	12.46426	62.17638
1855.00000	43.36581	11.66168	70.85034
1856.00000	53.37438	12.25855	65.88758
1857.00000	45.18895	13.78157	63.36070
1858.00000	50.02574	9.89155	73.60190
1859.00000	51.77451	12.94877	59.43240
1860.00000	46.86326	13.64293	55.21982
1861.00000	44.51924	10.03459	78.94458
1862.00000	50.76997	13.85709	62.64463
1863.00000	44.33316	10.00661	66.82352
1864.00000	43.66346	11.99456	56.84748
1865.00000	45.48650	11.48127	45.62240
1866.00000	36.74290	11.03690	63.40896
1867.00000	44.18437	15.54006	70.78562
1868.00000	42.36122	14.00255	69.26695
1869.00000	45.30058	14.35129	50.71570
1870.00000	44.55638	8.96579	60.02443
1871.00000	42.43562	11.16088	52.90164
1872.00000	39.94274	13.33061	68.29990
1873.00000	41.20778	15.47688	69.56852
1874.00000	46.04472	12.95836	68.00477
1875.00000	51.14202	11.40919	69.18531
1876.00000	44.63079	9.11663	66.40287
1877.00000	51.92334	7.83068	62.19448
1878.00000	44.70527	12.79446	64.69542
1879.00000	41.76590	14.07146	75.66781
1880.00000	49.13286	13.95326	67.99568
1881.00000	58.24500	12.05528	71.19748
1882.00000	47.53294	12.80299	60.05323
1883.00000	40.91012	11.42200	66.97388
1884.00000	44.55644	12.36279	73.23498
1885.00000	44.10996	16.02095	66.64521
1886.00000	46.30516	9.17365	68.52607
1887.00000	45.89589	12.94008	63.09070
1888.00000	48.57476	10.79214	63.78461
1889.00000	47.57017	11.41090	72.08281
1890.00000	44.92850	11.49331	75.47877
1891.00000	47.38414	11.63709	64.99203
1892.00000	39.60785	8.82434	64.30388
1893.00000	46.26791	12.29508	80.69615
1894.00000	46.19355	15.40539	64.65266
1895.00000	43.77509	12.14193	71.64602
1896.00000	43.62627	10.43629	67.90641
1897.00000	43.44022	11.95867	59.64120
1898.00000	43.17978	14.79461	82.32758
1899.00000	49.28171	15.62503	57.90234
1900.00000	44.33319	10.72301	79.13211
1901.00000	46.52841	12.55460	67.09224
1902.00000	42.24959	13.50178	73.15018
1903.00000	49.09568	10.47659	72.14865
1904.00000	51.25365	13.80435	67.34568
1905.00000	43.77509	13.23682	63.89648
1906.00000	44.51923	13.34913	76.07333
1907.00000	48.76082	12.57990	49.72555
1908.00000	52.10936	7.97537	55.94495
1909.00000	42.69608	13.00857	78.58169
1910.00000	51.32806	14.29970	60.65417
1911.00000	44.48203	12.42444	65.98008
1912.00000	45.70979	11.96646	68.17018
1913.00000	44.59365	12.49679	70.14982
1914.00000	44.22155	11.36436	72.66713
1915.00000	45.33779	13.95061	62.17711
1916.00000	43.73788	13.60264	74.59487
1917.00000	47.53297	12.89077	84.57234
1918.00000	48.01668	15.12322	64.81469
1919.00000	43.99817	9.92751	79.37377
1920.00000	47.30976	12.14841	78.54445
1921.00000	46.41677	13.14086	64.02963
1922.00000	44.59364	14.46660	65.84849
1923.00000	43.29134	13.84145	66.76854
1924.00000	42.88211	12.83370	69.13440
1925.00000	46.86324	12.10353	62.24221
1926.00000	47.42135	13.01793	70.97615
1927.00000	41.80309	11.34938	82.66169
1928.00000	47.94228	13.90767	75.61646
1929.00000	51.73731	11.23324	63.98706
1930.00000	43.84950	12.19955	54.22833
1931.00000	39.38462	14.45057	59.38568
1932.00000	39.27301	11.46817	66.92042
1933.00000	43.21694	11.77482	61.83352
1934.00000	51.40226	9.94900	74.93333
1935.00000	46.93767	13.72157	73.09070
1936.00000	52.36979	10.67027	69.92909
1937.00000	51.77452	12.69564	56.14789
1938.00000	55.38003	9.66590	52.51266
1939.00000	43.29129	10.06505	66.54557
1940.00000	44.40761	14.01991	68.30940
1941.00000	45.33779	13.11310	73.90724
1942.00000	47.79342	15.24903	80.90268
1943.00000	48.12831	14.11680	69.61180
1944.00000	41.91471	12.18548	54.89221
1945.00000	42.06356	13.51976	70.64123
1946.00000	46.08193	11.42141	69.39320
1947.00000	45.89587	13.70860	62.52148
1948.00000	43.51463	14.59218	72.82474
1949.00000	51.17922	9.96842	71.11172
1950.00000	49.13287	12.54784	64.99615
1951.00000	48.64919	8.94466	75.66674
1952.00000	46.41679	16.10770	74.09174
1953.00000	46.37959	12.92633	71.99518
1954.00000	46.11914	13.64269	67.30831
1955.00000	52.92793	10.67578	66.56998
1956.00000	43.84951	15.19485	75.10529
1957.00000	43.77509	14.95061	75.15443
1958.00000	45.33779	14.90168	66.56604
1959.00000	47.08650	13.31968	42.39779
1960.00000	41.13337	12.96743	79.40016
1961.00000	50.73277	10.64602	64.12977
1962.00000	46.11906	9.80307	59.97266
1963.00000	40.83572	13.28651	67.09474
1964.00000	43.88672	15.22770	61.91213
1965.00000	41.57986	16.05580	59.81021
1966.00000	43.21698	13.17264	78.23484
1967.00000	50.32349	11.63762	66.09896
1968.00000	41.72868	11.29286	69.25016
1969.00000	50.99321	10.51436	60.83049
1970.00000	45.11454	13.31685	76.97206
1971.00000	51.88614	11.85291	60.97490
1972.00000	43.88671	13.95265	69.51904
1973.00000	42.54723	10.60611	71.29156
1974.00000	43.99833	13.62401	79.09021
1975.00000	46.97489	14.42227	60.82419
1976.00000	43.88670	12.84530	75.60958
1977.00000	45.89589	14.97126	52.08945
1978.00000	45.93306	13.23766	64.22146
1979.00000	40.12877	14.39717	66.17508
1980.00000	45.33778	14.18167	68.66927
1981.00000	49.05847	12.21101	75.74750
1982.00000	48.98405	14.40595	73.96732
1983.00000	46.56560	12.18695	68.04953
1984.00000	44.22158	13.65537	77.53299
1985.00000	48.79798	13.89036	58.68877
1986.00000	40.91013	12.65946	68.11643
1987.00000	46.37958	14.45876	71.88107
1988.00000	44.40761	13.47111	69.92596
1989.00000	49.69098	8.16239	75.07737
1990.00000	50.32347	11.08721	59.18307
1991.00000	43.17977	14.12993	72.91849
1992.00000	44.51923	12.73115	65.00706
1993.00000	46.60282	12.52435	66.56831
1994.00000	47.45859	14.00337	65.92125
1995.00000	47.79334	10.12574	60.08945
1996.00000	43.92392	13.21530	76.88526
1997.00000	46.97489	14.87260	73.18656
1998.00000	45.52382	10.34409	55.03898
1999.00000	39.16139	11.08667	69.57651
2000.00000	47.68180	10.13711	69.04063
2001.00000	46.37952	11.53288	76.76159
2002.00000	53.70924	11.40210	63.67240
2003.00000	43.77509	10.21743	57.44127
2004.00000	40.87292	11.58915	63.20281
2005.00000	43.29140	12.80072	72.65151
