Year		Latitude	Strength	NAO_index
1851.00000	41.54262	9.10395	52.33534
1852.00000	36.63126	10.13917	71.47958
1853.00000	42.73327	12.37592	73.13625
1854.00000	44.51922	14.08842	56.61221
1855.00000	39.27300	13.89566	66.81836
1856.00000	43.06815	11.87675	64.83195
1857.00000	41.17058	14.66899	59.44297
1858.00000	44.22149	10.49250	71.60255
1859.00000	51.40242	12.74449	74.16018
1860.00000	43.51463	11.48143	61.93555
1861.00000	41.57985	11.47745	59.14448
1862.00000	41.91472	10.64364	65.46167
1863.00000	50.13747	11.36773	53.21599
1864.00000	39.97994	13.02145	75.64823
1865.00000	46.04465	10.58211	69.61883
1866.00000	42.99374	11.90080	72.43305
1867.00000	42.10073	9.52107	54.50385
1868.00000	40.09156	11.11138	75.59435
1869.00000	42.10076	14.84814	69.12138
1870.00000	50.28627	12.23831	62.05922
1871.00000	45.97027	11.60308	54.86430
1872.00000	42.73329	10.51460	60.39599
1873.00000	44.40761	9.66124	62.49498
1874.00000	48.27701	11.23894	71.48002
1875.00000	53.33720	11.77561	57.18510
1876.00000	42.02635	11.41373	54.05448
1877.00000	41.57975	7.65206	61.94748
1878.00000	45.26338	12.97376	60.16063
1879.00000	51.17920	11.82007	72.81437
1880.00000	46.75160	9.28066	42.20706
1881.00000	57.86449	6.33210	71.23174
1882.00000	44.29599	12.08382	64.08219
1883.00000	42.73328	9.88357	45.45190
1884.00000	30.97571	6.51171	55.50477
1885.00000	37.74750	10.59801	58.65341
1886.00000	38.93813	9.73709	71.96112
1887.00000	49.13286	10.77785	54.57393
1888.00000	40.42642	12.45255	59.98627
1889.00000	40.31481	11.27884	73.07748
1890.00000	43.10534	12.73736	69.50240
1891.00000	48.01661	9.67396	75.41599
1892.00000	49.83980	12.37199	65.46495
1893.00000	41.46819	8.67948	57.38766
1894.00000	43.58905	10.93388	56.27060
1895.00000	42.95653	11.01124	67.80549
1896.00000	46.34232	10.42908	73.34604
1897.00000	42.39840	10.45593	67.50880
1898.00000	44.44482	11.27759	77.85435
1899.00000	50.58390	12.09117	55.90081
1900.00000	41.43103	10.15441	66.53346
1901.00000	46.56559	10.18566	65.60471
1902.00000	43.99833	12.06050	66.10417
1903.00000	41.72868	11.47265	63.36151
1904.00000	49.72816	10.29073	57.33187
1905.00000	36.63128	11.56898	64.47039
1906.00000	50.95599	10.43472	64.22352
1907.00000	44.63085	10.29081	80.29299
1908.00000	45.07733	12.15720	71.02451
1909.00000	53.93251	9.20386	76.38935
1910.00000	44.77967	14.27400	67.81224
1911.00000	44.70526	8.53533	74.09518
1912.00000	45.44940	10.84606	69.76320
1913.00000	50.84439	10.49805	68.49338
1914.00000	44.51914	10.67921	57.35789
1915.00000	47.12370	10.31471	63.33453
1916.00000	42.54725	12.42841	63.11224
1917.00000	42.88206	11.00094	55.04706
1918.00000	42.80764	9.84496	76.67042
1919.00000	47.64460	13.25921	49.79857
1920.00000	35.40343	11.14839	58.33797
1921.00000	39.71949	12.10431	72.27112
1922.00000	47.34690	10.48324	60.61266
1923.00000	41.02169	10.36463	77.35922
1924.00000	50.43511	10.82229	57.07849
1925.00000	47.49577	13.20265	79.36042
1926.00000	46.26796	12.08564	77.29578
1927.00000	46.67723	13.24633	72.65500
1928.00000	52.96512	9.09533	66.79063
1929.00000	48.61198	10.91864	68.35627
1930.00000	41.91471	12.12588	56.66948
1931.00000	40.64967	11.01244	57.55281
1932.00000	40.35202	13.77910	61.45159
1933.00000	51.92336	9.22127	65.22279
1934.00000	46.90042	9.93478	71.88466
1935.00000	46.08184	10.88389	76.49623
1936.00000	46.60282	13.27588	69.51627
1937.00000	44.10996	10.41297	68.56320
1938.00000	44.25878	12.77342	67.06719
1939.00000	42.36119	11.72695	66.60729
1940.00000	46.23075	13.55633	57.33323
1941.00000	40.42643	10.86199	62.34461
1942.00000	41.05890	10.94177	75.71570
1943.00000	50.24909	11.81244	49.33260
1944.00000	40.94733	11.08882	75.94127
1945.00000	42.91931	9.83289	75.72893
1946.00000	48.09110	12.95696	56.98841
1947.00000	42.65888	11.41623	60.78221
1948.00000	36.70568	8.30613	61.50057
1949.00000	41.91472	13.19078	64.78109
1950.00000	44.85410	10.90597	64.84466
1951.00000	42.80770	13.74509	51.44568
1952.00000	35.44063	8.96950	63.57922
1953.00000	47.75622	9.58353	68.47719
1954.00000	47.42138	11.86956	64.44174
1955.00000	46.34231	9.71046	67.40873
1956.00000	49.39330	11.18817	53.03776
1957.00000	42.02635	12.54193	73.17687
1958.00000	44.14716	11.06742	65.41713
1959.00000	48.46314	10.13646	71.32211
1960.00000	47.19805	9.27814	53.05596
1961.00000	43.62625	10.44237	65.00865
1962.00000	50.80717	10.47263	75.97373
1963.00000	45.18896	12.93313	51.21198
1964.00000	37.30099	9.79669	68.63529
1965.00000	43.92388	11.03773	74.13617
1966.00000	41.72868	12.01976	56.91544
1967.00000	40.01713	11.16620	71.28542
1968.00000	46.64002	12.74454	69.35734
1969.00000	51.29084	11.63435	77.52195
1970.00000	53.33722	12.87910	53.11781
1971.00000	37.52425	10.55602	55.10719
1972.00000	37.18939	11.33701	67.39029
1973.00000	43.55183	11.67933	70.93958
1974.00000	44.07275	11.22937	69.89221
1975.00000	46.78886	12.09262	57.93956
1976.00000	41.20778	12.49210	60.94002
1977.00000	43.14256	11.33608	65.10065
1978.00000	44.70527	10.67453	68.03841
1979.00000	44.55644	10.60117	70.22127
1980.00000	50.80716	8.51795	62.84779
1981.00000	45.59822	12.10627	66.14698
1982.00000	43.73788	12.95263	67.16320
1983.00000	44.55644	14.08418	54.27990
1984.00000	33.80350	9.91812	52.26159
1985.00000	42.21239	10.62886	55.80453
1986.00000	38.90091	10.55218	68.27018
1987.00000	43.58903	9.36308	60.57042
1988.00000	44.81685	12.29731	51.59734
1989.00000	33.87791	10.98658	64.17112
1990.00000	44.92848	12.41184	65.30404
1991.00000	53.41156	9.57694	67.48854
1992.00000	41.54263	10.18196	63.78377
1993.00000	47.60741	11.61072	62.54914
1994.00000	48.72351	8.85002	67.95242
1995.00000	46.97487	10.26481	60.80560
1996.00000	53.63486	11.00324	68.56958
1997.00000	44.10995	12.20889	59.10357
1998.00000	39.12417	11.39567	64.01448
1999.00000	40.98453	11.59432	53.28463
2000.00000	40.87291	11.54646	74.37758
2001.00000	53.37441	12.15117	57.29740
2002.00000	44.37029	9.05324	72.32646
2003.00000	41.05894	12.41301	55.68781
2004.00000	39.75670	13.25809	75.59010
2005.00000	45.67260	10.49851	63.12213
