Year		Latitude	Strength	NAO_index
1861.00000	51.03038	10.47784	52.77060
1862.00000	52.55587	10.11914	51.03852
1863.00000	48.79801	10.13466	60.34224
1864.00000	54.34176	12.85686	51.26846
1865.00000	56.49972	10.05039	53.31612
1866.00000	53.37436	11.98116	48.14232
1867.00000	39.31020	8.56715	48.34588
1868.00000	47.79338	10.14539	60.32951
1869.00000	53.18834	12.63121	59.40841
1870.00000	49.39330	10.84751	29.48813
1871.00000	44.44468	8.75855	48.20807
1872.00000	49.20727	9.92988	46.24318
1873.00000	46.71439	9.60306	60.47338
1874.00000	44.22156	11.45196	62.25211
1875.00000	50.17467	15.22258	64.37706
1876.00000	53.00235	12.52712	59.09818
1877.00000	47.83064	10.46655	54.28370
1878.00000	53.89527	13.71975	63.49276
1879.00000	52.36986	14.21595	60.69508
1880.00000	54.41619	11.33494	63.49784
1881.00000	53.48601	11.62846	64.02148
1882.00000	56.16485	11.66383	43.29445
1883.00000	40.91013	12.75275	71.07240
1884.00000	51.10479	12.72392	61.29992
1885.00000	48.76082	12.62879	66.04211
1886.00000	53.78365	11.69663	38.49974
1887.00000	45.18882	9.40230	37.96825
1888.00000	49.09561	8.72691	47.43534
1889.00000	51.14199	10.33801	50.08641
1890.00000	53.18837	8.58049	53.28583
1891.00000	46.30517	10.28643	42.47162
1892.00000	45.82134	8.93728	43.35977
1893.00000	46.37952	11.85266	48.44162
1894.00000	47.08643	11.00287	45.82213
1895.00000	54.00688	10.65138	61.03604
1896.00000	47.42138	11.27569	44.30477
1897.00000	40.53805	11.82974	62.31669
1898.00000	53.78369	10.46468	53.49758
1899.00000	47.08642	13.47305	56.91255
1900.00000	55.53237	10.74701	52.00031
1901.00000	51.14200	8.61203	49.47081
1902.00000	47.19813	7.82468	47.38599
1903.00000	46.56558	9.97458	48.15948
1904.00000	51.92334	9.08704	56.50260
1905.00000	53.48602	9.84487	60.36232
1906.00000	49.87698	12.06733	45.29115
1907.00000	40.68688	9.93546	55.01857
1908.00000	44.18437	12.16095	52.03312
1909.00000	42.36122	11.56072	49.53815
1910.00000	49.17003	9.85189	50.77193
1911.00000	47.27252	12.53291	53.47385
1912.00000	44.89131	12.86039	66.48859
1913.00000	56.23926	11.20841	56.20315
1914.00000	50.54670	13.24702	54.89604
1915.00000	47.57014	11.22016	54.21201
1916.00000	54.63938	11.34080	54.80002
1917.00000	44.81689	11.76489	58.92117
1918.00000	48.12829	12.92251	52.97781
1919.00000	51.70009	9.79444	54.90438
1920.00000	57.46705	10.62675	51.35206
1921.00000	45.67260	9.08252	52.12784
1922.00000	51.32805	11.40104	59.20435
1923.00000	48.98404	12.27926	60.05310
1924.00000	45.18896	12.68534	43.23713
1925.00000	40.98455	12.31401	53.83227
1926.00000	46.08191	13.05214	61.73609
1927.00000	52.07219	10.67605	59.50787
1928.00000	47.68171	10.61367	69.36794
1929.00000	50.65835	13.09417	56.54818
1930.00000	43.96112	11.42630	60.44177
1931.00000	53.07675	11.14175	58.43289
1932.00000	52.10935	13.39920	66.31883
1933.00000	46.97485	12.74988	36.33070
1934.00000	41.02174	13.55222	54.28422
1935.00000	55.01148	10.75793	46.37156
1936.00000	42.06354	11.54144	52.57135
1937.00000	50.73271	8.81629	59.14781
1938.00000	66.72432	9.60125	45.20151
1939.00000	47.45854	10.99750	56.91096
1940.00000	52.36983	13.18406	66.57909
1941.00000	50.47229	12.57950	70.71138
1942.00000	50.88159	16.11823	59.57768
1943.00000	50.99322	12.55189	48.32076
1944.00000	48.09107	11.54945	67.96432
1945.00000	48.35155	12.60997	65.17365
1946.00000	48.12829	11.98529	64.29695
1947.00000	47.08651	13.29649	61.57190
1948.00000	53.56040	11.06282	55.59974
1949.00000	45.26332	9.55004	58.48935
1950.00000	54.63936	11.24247	56.84260
1951.00000	57.65309	10.74346	60.25500
1952.00000	51.81174	12.25525	47.57268
1953.00000	53.89524	8.81053	65.95049
1954.00000	46.41671	11.23808	43.78174
1955.00000	45.00285	8.71239	64.14234
1956.00000	50.88154	12.16555	51.02474
1957.00000	52.81630	10.39328	62.43201
1958.00000	48.50035	11.39006	58.59354
1959.00000	55.12309	9.73000	62.56802
1960.00000	47.68180	11.10906	55.70713
1961.00000	48.12823	10.59406	58.21701
1962.00000	46.82606	11.67225	57.27167
1963.00000	53.78366	10.07318	63.08031
1964.00000	51.55132	14.48263	48.00424
1965.00000	49.28168	12.27686	48.00367
1966.00000	48.05386	10.25197	62.71891
1967.00000	45.67266	11.70114	59.72792
1968.00000	47.42137	12.80877	69.77445
1969.00000	49.69097	13.43090	55.91255
1970.00000	46.93767	11.31500	59.75531
1971.00000	50.39790	10.82905	53.96711
1972.00000	50.36070	10.79335	40.82958
1973.00000	45.48655	10.10757	46.97362
1974.00000	48.46309	10.27855	63.52471
1975.00000	55.64395	11.17028	58.63802
1976.00000	46.30509	12.13616	60.32518
1977.00000	43.17977	11.20937	48.90052
1978.00000	48.64917	12.42029	67.12469
1979.00000	53.59764	14.19708	52.59174
1980.00000	44.33318	12.30605	54.83031
1981.00000	44.07275	11.46012	50.27083
1982.00000	49.17004	10.31674	59.10391
1983.00000	45.78420	12.16618	59.42273
1984.00000	48.87242	12.85864	36.66203
1985.00000	45.56090	7.87951	63.03873
1986.00000	50.80718	15.51509	65.93810
1987.00000	50.28628	13.16771	51.74961
1988.00000	40.68688	8.86705	45.04284
1989.00000	49.17002	10.82163	54.68255
1990.00000	47.16083	9.50244	54.82042
1991.00000	51.36523	10.51319	59.77313
1992.00000	52.36981	12.83460	60.59542
1993.00000	57.61588	12.50812	46.35276
1994.00000	44.10995	11.89970	55.27748
1995.00000	52.77908	11.84512	55.75305
1996.00000	48.05390	13.00929	64.68123
1997.00000	46.52841	13.35533	57.45373
1998.00000	50.91880	10.92975	48.01682
1999.00000	55.79263	6.68952	61.98357
2000.00000	45.37500	14.23520	60.23672
2001.00000	55.60678	12.50859	58.00604
2002.00000	51.10481	12.88459	66.05695
2003.00000	43.62626	13.19940	62.71458
2004.00000	52.77911	12.97628	47.21127
2005.00000	50.39787	8.77509	57.01568
