Year		Latitude	Strength	NAO_index
1851.00000	48.57478	13.20599	42.62135
1852.00000	46.34236	11.36279	42.74831
1853.00000	60.40336	12.94484	36.11086
1854.00000	46.04468	11.48382	25.59648
1855.00000	43.40299	9.40552	52.53688
1856.00000	50.02585	13.59951	43.36711
1857.00000	53.07676	13.36535	38.26909
1858.00000	47.12371	12.70145	49.59417
1859.00000	47.64462	11.75709	48.30695
1860.00000	50.28629	12.90603	31.97393
1861.00000	45.11454	13.46217	33.94341
1862.00000	54.08134	10.05642	43.72505
1863.00000	51.70013	14.21476	44.63932
1864.00000	51.06762	11.96592	41.23185
1865.00000	45.30058	14.29609	45.72919
1866.00000	53.96972	14.37132	28.74081
1867.00000	43.66347	9.08182	48.26740
1868.00000	52.18380	11.17931	41.14703
1869.00000	46.26797	14.28442	49.42206
1870.00000	52.25823	13.42136	47.80797
1871.00000	48.05390	14.50957	46.04836
1872.00000	52.92795	11.88830	47.51682
1873.00000	47.27246	11.84857	42.59432
1874.00000	44.03552	10.12585	45.74091
1875.00000	48.61199	13.13612	47.11073
1876.00000	58.09802	9.95367	46.98971
1877.00000	51.14204	12.13560	37.19047
1878.00000	47.71900	11.21185	45.62354
1879.00000	51.06760	11.66635	35.80135
1880.00000	48.23992	11.00679	36.66036
1881.00000	49.17008	13.01129	42.41320
1882.00000	49.69092	9.51114	36.07070
1883.00000	46.86325	11.31656	45.27828
1884.00000	53.89529	12.23895	35.56354
1885.00000	44.14716	11.05436	44.15383
1886.00000	50.84436	12.75258	27.92456
1887.00000	42.80768	9.58316	47.14370
1888.00000	51.62572	12.94118	46.39227
1889.00000	49.17009	11.92897	42.89104
1890.00000	46.30517	13.33212	42.32596
1891.00000	49.35613	12.22074	41.28727
1892.00000	47.08652	13.68002	48.32563
1893.00000	50.80716	13.09599	43.82435
1894.00000	51.47689	13.17171	32.96714
1895.00000	49.17005	10.66185	51.25083
1896.00000	53.48603	12.46182	41.13320
1897.00000	44.03546	11.15558	45.60120
1898.00000	48.50037	11.85674	46.71727
1899.00000	48.42595	10.93841	38.23661
1900.00000	45.56102	9.25288	47.07854
1901.00000	51.84897	13.91111	31.10565
1902.00000	60.55341	10.44390	32.12216
1903.00000	39.90553	10.56217	29.29792
1904.00000	49.17007	13.33558	53.11596
1905.00000	52.36982	12.51666	40.09992
1906.00000	48.09110	11.67542	28.72742
1907.00000	43.25419	10.28668	41.44370
1908.00000	49.24451	12.44324	42.29370
1909.00000	48.57478	12.21417	40.39982
1910.00000	46.90048	12.21920	48.36930
1911.00000	52.33265	14.80318	33.62534
1912.00000	56.79517	11.56345	38.79914
1913.00000	51.29087	9.00567	52.92828
1914.00000	50.02584	14.69821	51.11398
1915.00000	49.20725	12.52671	39.27177
1916.00000	54.37895	8.58749	47.96240
1917.00000	50.91880	13.40389	48.11891
1918.00000	52.55589	13.08598	35.27497
1919.00000	46.93769	11.42242	51.64695
1920.00000	48.61199	13.41538	36.06169
1921.00000	42.58444	10.69587	51.00787
1922.00000	50.54674	13.51547	39.33875
1923.00000	47.42138	11.62284	40.56253
1924.00000	48.20271	11.31949	38.75211
1925.00000	47.86785	11.52216	37.90586
1926.00000	40.57526	11.89932	45.03258
1927.00000	53.00235	13.02676	55.13294
1928.00000	52.10941	13.74907	42.79951
1929.00000	48.68639	10.92816	48.65492
1930.00000	50.39791	12.07346	47.44172
1931.00000	51.58852	12.17319	44.96377
1932.00000	50.65836	13.78774	52.00703
1933.00000	47.97946	14.94117	44.95664
1934.00000	48.61199	13.65598	43.15427
1935.00000	50.99319	14.40236	40.90544
1936.00000	55.97882	10.48968	30.41219
1937.00000	45.11454	12.84830	45.31377
1938.00000	53.00236	13.34893	44.75810
1939.00000	47.23534	11.21178	39.31300
1940.00000	49.46773	11.03359	52.36799
1941.00000	52.10940	13.40907	47.87654
1942.00000	47.90505	11.47179	47.16919
1943.00000	47.71903	12.74773	32.68781
1944.00000	48.64919	11.72046	31.31885
1945.00000	46.34235	9.51695	29.89297
1946.00000	41.20778	7.31421	42.64627
1947.00000	51.73732	13.56731	31.29219
1948.00000	46.60282	12.01402	41.83523
1949.00000	46.49119	12.70623	39.94958
1950.00000	48.42595	10.79173	43.10383
1951.00000	52.33265	13.37229	47.73951
1952.00000	53.93251	12.90088	46.65398
1953.00000	58.87817	11.82455	46.48961
1954.00000	54.78825	11.97434	36.56057
1955.00000	45.85869	12.30367	46.43094
1956.00000	48.35150	12.97387	50.77867
1957.00000	49.69099	14.04364	47.86518
1958.00000	52.03499	12.91025	36.85401
1959.00000	55.27191	10.48341	49.49742
1960.00000	53.03954	13.04295	49.30034
1961.00000	51.29087	12.21954	54.32784
1962.00000	52.33262	14.29423	44.63599
1963.00000	53.63487	13.26976	29.40266
1964.00000	43.62626	8.59423	34.41482
1965.00000	42.54723	8.86308	51.79891
1966.00000	50.62115	14.84653	41.65740
1967.00000	48.09108	13.49728	37.93016
1968.00000	47.23531	10.39466	44.82748
1969.00000	51.81175	12.93035	48.89971
1970.00000	53.15118	13.33857	45.07531
1971.00000	49.95141	12.75285	30.65128
1972.00000	49.80257	8.86197	44.26695
1973.00000	50.99321	12.22995	42.35229
1974.00000	47.08651	12.16277	51.39570
1975.00000	46.41669	11.19209	43.01547
1976.00000	48.05388	12.08240	39.57000
1977.00000	49.05845	9.99395	45.90073
1978.00000	50.36067	12.85644	54.89547
1979.00000	52.92795	14.10719	45.37474
1980.00000	45.93310	12.79510	48.32901
1981.00000	48.23992	12.57965	40.92523
1982.00000	46.52841	12.55788	44.69354
1983.00000	49.57934	11.17555	39.37815
1984.00000	42.91932	12.43794	40.55219
1985.00000	50.95599	11.89085	41.53352
1986.00000	44.10996	14.67651	47.95138
1987.00000	50.17467	13.62183	35.39425
1988.00000	46.23075	12.27331	31.78958
1989.00000	42.80769	10.84628	29.63206
1990.00000	41.72864	9.34597	36.93703
1991.00000	45.56103	10.27647	48.37026
1992.00000	50.24909	13.49963	47.01940
1993.00000	53.11398	13.03829	34.47753
1994.00000	55.52953	11.91151	52.61412
1995.00000	45.41216	11.55396	41.99289
1996.00000	53.11397	12.92838	42.91016
1997.00000	45.63545	10.26037	34.87128
1998.00000	46.11911	9.01337	39.53898
1999.00000	49.80261	12.92289	49.46229
2000.00000	50.17464	12.84909	53.61388
2001.00000	50.02584	13.19253	49.36109
2002.00000	52.74191	14.16859	46.36107
2003.00000	47.34696	13.17298	44.35750
2004.00000	50.73277	13.41343	47.84037
2005.00000	52.10941	11.17938	38.87904
