Year		Latitude	Strength	NAO_index
1851.00000	39.31021	10.94553	67.44062
1852.00000	48.12827	14.23853	61.15492
1853.00000	47.34693	13.85232	47.93922
1854.00000	42.47283	11.66763	58.09086
1855.00000	44.37035	9.27015	70.83583
1856.00000	46.37958	15.05578	65.10477
1857.00000	47.83064	12.01850	59.66794
1858.00000	47.08650	10.27577	42.26115
1859.00000	40.91013	13.93998	64.68162
1860.00000	48.38874	12.17155	61.95016
1861.00000	42.99374	13.81268	48.42172
1862.00000	36.07315	13.83747	61.86365
1863.00000	41.20778	13.45087	45.00055
1864.00000	42.69606	12.04749	53.36500
1865.00000	44.70527	11.38983	64.12768
1866.00000	44.18433	8.24245	63.74039
1867.00000	46.82601	10.79554	51.66904
1868.00000	47.90466	12.13320	68.34742
1869.00000	46.08193	14.46672	54.53641
1870.00000	41.54264	13.95210	51.72943
1871.00000	39.94272	11.79242	57.80745
1872.00000	50.76993	11.42004	57.66766
1873.00000	42.10077	15.60562	56.54909
1874.00000	39.97995	11.38888	61.71854
1875.00000	47.01210	13.27256	65.34234
1876.00000	44.51924	15.62028	49.55544
1877.00000	43.25419	11.76385	54.59461
1878.00000	41.87752	10.59931	54.46721
1879.00000	39.71950	16.52954	66.10940
1880.00000	48.23990	15.54232	50.58979
1881.00000	41.84031	13.64674	73.26409
1882.00000	47.27253	13.22410	64.74609
1883.00000	44.33313	10.08692	40.91172
1884.00000	41.13337	14.59565	60.32273
1885.00000	44.77968	13.87766	51.85125
1886.00000	44.55644	11.35902	52.22852
1887.00000	41.02172	13.58062	61.92901
1888.00000	46.26796	14.79306	52.49292
1889.00000	40.38921	8.91826	49.75596
1890.00000	41.13337	13.36268	57.19352
1891.00000	53.22553	8.09524	59.50547
1892.00000	47.94224	8.44703	58.30716
1893.00000	48.12821	11.09824	59.64838
1894.00000	51.06759	10.02501	68.70544
1895.00000	50.32347	12.54964	65.51086
1896.00000	46.56559	11.36951	67.95961
1897.00000	49.83980	10.86104	71.91758
1898.00000	50.58394	14.37322	55.13719
1899.00000	43.40302	13.58922	73.03552
1900.00000	46.15635	12.78271	53.53328
1901.00000	43.77509	13.12680	71.86167
1902.00000	49.20725	16.21014	61.88318
1903.00000	42.21238	12.46070	54.94805
1904.00000	49.87698	10.00462	63.08088
1905.00000	50.54670	13.92796	59.57563
1906.00000	45.37500	12.70664	72.98695
1907.00000	44.74246	13.00730	63.56312
1908.00000	44.96569	10.41787	65.35630
1909.00000	43.40302	12.40673	57.10945
1910.00000	41.02175	14.89846	54.55273
1911.00000	44.29599	13.73144	47.95388
1912.00000	41.39382	13.39363	62.15263
1913.00000	47.42138	13.11731	60.62552
1914.00000	45.18896	13.87348	68.86685
1915.00000	50.28628	11.74686	60.58630
1916.00000	46.15634	11.79005	72.82315
1917.00000	45.56101	12.58754	52.18979
1918.00000	40.12878	13.51778	57.43302
1919.00000	44.37041	12.92902	69.22260
1920.00000	45.30058	15.70217	63.90037
1921.00000	42.32399	11.55064	61.00427
1922.00000	47.53297	9.65264	58.74312
1923.00000	43.88671	16.74197	53.34138
1924.00000	45.93310	14.11648	63.75307
1925.00000	50.50951	11.32865	51.88424
1926.00000	38.93813	10.39508	69.22581
1927.00000	45.89590	13.29076	67.42823
1928.00000	44.92849	13.47725	63.47328
1929.00000	49.57935	12.27773	72.75792
1930.00000	48.57477	15.47713	58.51792
1931.00000	42.73328	14.67391	51.53623
1932.00000	44.25878	12.63358	59.32252
1933.00000	45.41220	11.19165	61.42748
1934.00000	47.64459	11.46985	71.53583
1935.00000	53.03953	13.87514	49.80487
1936.00000	46.00744	10.29220	59.17721
1937.00000	45.48662	14.18240	67.28526
1938.00000	48.98404	11.06581	55.56143
1939.00000	38.71489	15.19214	59.69271
1940.00000	45.33779	12.70001	67.98505
1941.00000	56.12766	10.33094	62.54125
1942.00000	48.50028	7.83864	44.38602
1943.00000	44.55643	14.52170	69.83711
1944.00000	49.35610	13.88019	53.08669
1945.00000	44.29599	10.57653	70.97484
1946.00000	45.26338	15.91983	63.12081
1947.00000	48.68641	12.30429	45.62383
1948.00000	40.91013	11.74146	62.56190
1949.00000	43.81225	11.54710	59.83268
1950.00000	48.38870	14.03141	66.05315
1951.00000	43.29140	13.74794	71.68651
1952.00000	49.05844	13.54331	59.55729
1953.00000	43.10536	14.75513	61.11151
1954.00000	44.51924	14.99674	72.82148
1955.00000	48.38876	13.06897	68.90623
1956.00000	46.82605	12.08298	58.74010
1957.00000	42.80770	16.34209	71.84328
1958.00000	48.90965	12.04736	61.44088
1959.00000	50.69553	10.22042	53.91266
1960.00000	40.76130	13.17737	51.50479
1961.00000	38.45444	9.49823	53.82599
1962.00000	41.20779	13.41221	50.21320
1963.00000	39.57066	13.04010	77.23445
1964.00000	53.37441	14.54846	68.18904
1965.00000	43.03091	10.43767	51.94013
1966.00000	42.06354	11.73437	55.04263
1967.00000	42.17518	11.81692	61.91758
1968.00000	47.38412	14.92805	53.92312
1969.00000	42.32401	12.55020	40.17310
1970.00000	39.34742	15.13461	54.32102
1971.00000	42.91931	12.88252	54.01310
1972.00000	49.35604	9.00098	44.19354
1973.00000	39.79390	11.82747	53.25945
1974.00000	41.31941	15.92888	70.18294
1975.00000	47.34694	13.51189	56.05174
1976.00000	41.57986	14.21549	44.57123
1977.00000	38.52886	11.24450	43.40346
1978.00000	41.57985	12.58286	74.02594
1979.00000	45.30056	14.01790	51.35760
1980.00000	40.50085	11.54599	67.13005
1981.00000	48.98399	11.44996	74.95943
1982.00000	49.13288	14.90153	67.32854
1983.00000	49.09568	11.25015	57.24656
1984.00000	42.10076	13.56012	61.00068
1985.00000	41.46824	14.50019	51.39591
1986.00000	40.24040	14.50450	55.43750
1987.00000	40.91007	10.41779	63.26562
1988.00000	46.67721	12.50266	68.46208
1989.00000	46.64003	16.16125	59.43037
1990.00000	40.83570	11.59263	62.90539
1991.00000	46.52840	11.08202	59.23127
1992.00000	46.04471	15.34114	65.55471
1993.00000	45.26337	14.93313	59.47349
1994.00000	48.64919	10.78554	61.94471
1995.00000	42.62166	17.44165	59.82422
1996.00000	46.60281	9.22448	68.89138
1997.00000	49.31889	11.51326	50.87398
1998.00000	39.97994	10.41090	76.10956
1999.00000	43.81230	14.36829	64.41354
2000.00000	47.97946	13.54796	65.38365
2001.00000	43.73789	16.38052	50.11104
2002.00000	39.01255	14.01700	63.17422
2003.00000	47.64459	11.00067	62.36396
2004.00000	39.71947	11.67870	54.49862
2005.00000	41.35662	14.29827	68.85224
