Year		Latitude	Strength	NAO_index
1862.00000	44.37040	9.69691	50.15479
1863.00000	43.96113	12.42814	26.21906
1864.00000	37.85912	9.54364	29.86935
1865.00000	56.26400	8.19684	42.59076
1866.00000	43.88666	9.73023	57.92133
1867.00000	55.82999	9.86640	36.00331
1868.00000	55.34284	10.08826	44.95463
1869.00000	43.47744	9.81389	40.17294
1870.00000	49.57931	9.22057	47.84258
1871.00000	46.11911	9.56824	44.89539
1872.00000	41.17057	7.77551	38.98604
1873.00000	38.67769	12.38688	19.34062
1874.00000	41.91467	10.02031	40.27560
1875.00000	43.99833	12.58010	51.70224
1876.00000	46.04468	10.54743	39.91560
1877.00000	41.57985	7.87461	31.69747
1878.00000	42.51003	9.43954	31.31846
1879.00000	41.20779	12.61042	34.17591
1880.00000	40.42643	11.98998	53.60039
1881.00000	48.98406	13.89170	57.17331
1882.00000	61.51964	11.81002	42.68609
1883.00000	46.34238	11.64286	33.34914
1884.00000	42.28666	9.13134	44.61995
1885.00000	50.95595	11.47960	34.16925
1886.00000	52.88807	8.76722	30.94003
1887.00000	36.18479	10.15356	44.63318
1888.00000	46.04464	11.54246	32.19857
1889.00000	40.42644	9.63337	36.57154
1890.00000	55.93881	11.82194	43.18727
1891.00000	47.60741	10.75671	39.09016
1892.00000	40.05436	12.27014	40.35828
1893.00000	39.16137	9.69300	31.66023
1894.00000	43.32858	12.90527	38.92594
1895.00000	41.17055	11.65980	44.59951
1896.00000	50.02570	8.31545	38.98352
1897.00000	47.34690	9.38623	49.56120
1898.00000	48.87237	11.83093	37.68904
1899.00000	43.03095	10.41529	19.23721
1900.00000	38.67769	8.97807	50.12234
1901.00000	47.12373	10.05732	39.74550
1902.00000	45.85868	9.37090	40.21466
1903.00000	38.30561	9.40089	46.09435
1904.00000	44.14714	11.28364	45.89052
1905.00000	51.51408	9.57339	35.63172
1906.00000	38.23120	10.90277	50.02555
1907.00000	40.57526	11.12925	55.53596
1908.00000	51.03038	11.87831	36.38208
1909.00000	41.43103	8.41230	66.01393
1910.00000	44.03552	11.34930	37.30747
1911.00000	40.83571	9.71860	44.87112
1912.00000	55.34634	11.37843	49.88034
1913.00000	42.47284	10.75515	32.90211
1914.00000	38.15679	10.67660	45.44466
1915.00000	40.79850	14.01819	53.30216
1916.00000	46.67722	11.65361	40.72427
1917.00000	46.52836	12.20451	30.32247
1918.00000	42.88212	11.08871	50.16466
1919.00000	44.22155	9.79082	55.61544
1920.00000	46.45400	12.25853	39.56315
1921.00000	58.39431	7.46849	42.63458
1922.00000	44.92851	13.21006	50.47245
1923.00000	48.53751	7.75772	41.82732
1924.00000	63.11965	8.09284	29.67018
1925.00000	41.46824	11.99991	31.25526
1926.00000	40.09157	11.78861	42.89727
1927.00000	41.84030	9.53546	29.66406
1928.00000	40.05436	12.15518	38.55281
1929.00000	39.79388	7.92713	32.42487
1930.00000	42.17518	10.69549	43.41500
1931.00000	39.71949	9.88907	55.83787
1932.00000	46.19349	10.00647	49.01588
1933.00000	44.51922	10.00238	46.76555
1934.00000	45.18889	9.03128	35.00724
1935.00000	44.07275	11.17100	38.50875
1936.00000	41.84031	10.14506	56.91510
1937.00000	49.05847	10.25010	40.55661
1938.00000	40.79851	10.59743	43.41013
1939.00000	49.02113	8.59980	40.94339
1940.00000	48.68638	8.47133	45.88461
1941.00000	45.78425	11.05571	41.39604
1942.00000	46.75158	7.68005	46.58273
1943.00000	43.10534	10.48748	53.43951
1944.00000	48.38874	11.83007	46.30414
1945.00000	53.52323	9.38246	44.67237
1946.00000	42.39842	11.92123	35.73846
1947.00000	45.63544	8.67853	26.78969
1948.00000	42.54715	9.07376	58.70443
1949.00000	51.88616	12.87744	46.26852
1950.00000	50.32346	9.98709	29.29948
1951.00000	56.08727	8.81825	42.26651
1952.00000	41.57986	11.35208	45.96849
1953.00000	53.78367	10.65127	46.89307
1954.00000	48.57476	13.13652	40.11901
1955.00000	48.42587	8.80799	54.44299
1956.00000	52.59303	9.44559	55.85755
1957.00000	43.66347	13.26822	54.43127
1958.00000	44.44481	12.24943	52.08742
1959.00000	42.47283	9.90862	33.07542
1960.00000	38.45444	13.31652	41.87307
1961.00000	44.96564	10.53163	22.63859
1962.00000	37.71030	12.49042	46.35914
1963.00000	47.30974	11.34839	56.29615
1964.00000	51.43961	11.24112	35.02292
1965.00000	42.43561	11.81390	44.05049
1966.00000	45.67261	12.13952	48.63555
1967.00000	44.92850	10.46836	34.12875
1968.00000	54.85979	9.77006	32.27648
1969.00000	37.59867	9.54681	46.60719
1970.00000	46.75162	9.77538	52.48219
1971.00000	45.52382	11.17196	52.01443
1972.00000	49.50492	11.45266	42.81463
1973.00000	44.40754	10.02388	47.54648
1974.00000	46.45399	10.56905	41.12031
1975.00000	41.80311	8.77831	51.44838
1976.00000	52.22101	11.33164	54.60266
1977.00000	50.32346	11.18377	27.76026
1978.00000	36.37082	10.62415	44.41659
1979.00000	51.84893	9.32724	49.19495
1980.00000	46.75165	11.12805	44.52047
1981.00000	40.31480	10.53482	40.87948
1982.00000	40.05436	8.95753	60.22891
1983.00000	48.16548	11.96677	51.85266
1984.00000	61.81776	8.27262	48.82359
1985.00000	45.93310	11.11656	52.59023
1986.00000	47.53298	11.98707	42.84234
1987.00000	46.41673	9.24200	57.89578
1988.00000	49.31888	11.69840	58.84927
1989.00000	49.83980	12.09494	58.08547
1990.00000	45.52382	13.42496	40.58349
1991.00000	38.11957	7.32719	52.60305
1992.00000	41.13332	9.47964	38.67661
1993.00000	49.43048	8.45763	33.57880
1994.00000	54.48781	10.49934	46.56703
1995.00000	40.61247	10.35543	45.02188
1996.00000	45.37496	10.55835	48.15937
1997.00000	42.28680	14.01820	57.75271
1998.00000	49.28166	11.34318	28.67891
1999.00000	40.05436	8.31522	47.79313
2000.00000	41.98913	8.69714	39.61570
2001.00000	69.70243	8.32857	57.70537
2002.00000	52.51865	9.48484	56.30000
2003.00000	53.56039	10.86551	37.10727
2004.00000	47.34696	8.79351	56.56346
2005.00000	53.52324	11.54458	54.47680
