Year		Latitude	Strength	NAO_index
1851.00000	43.73788	13.99922	81.69982
1852.00000	46.52842	13.26158	79.78857
1853.00000	51.92335	13.85540	85.65586
1854.00000	51.51410	14.50403	86.86544
1855.00000	48.72359	14.93733	75.75143
1856.00000	45.74706	13.96614	82.76531
1857.00000	48.57479	14.03280	82.44044
1858.00000	46.78885	13.07964	83.24339
1859.00000	49.61655	12.66217	85.24067
1860.00000	51.10483	13.26964	83.15039
1861.00000	47.57021	14.85864	73.17901
1862.00000	56.90592	14.32052	74.55935
1863.00000	48.72358	12.81866	77.90992
1864.00000	48.31434	14.77294	71.61268
1865.00000	46.11913	14.85389	68.36599
1866.00000	56.86937	8.83229	82.06745
1867.00000	48.79801	16.41171	92.13477
1868.00000	50.28628	15.85657	75.45932
1869.00000	46.64003	13.58122	81.42086
1870.00000	51.81174	10.88736	82.24594
1871.00000	44.74248	14.28222	74.76162
1872.00000	50.54671	13.05319	79.05549
1873.00000	47.45858	12.97761	69.20182
1874.00000	47.42134	10.57135	80.85984
1875.00000	49.50495	14.79021	77.79107
1876.00000	52.18380	12.46541	79.82201
1877.00000	48.31432	12.50144	80.44917
1878.00000	45.67265	14.75847	87.15364
1879.00000	45.33779	14.36201	86.41625
1880.00000	47.71903	14.78719	84.56083
1881.00000	50.43507	13.14166	78.11930
1882.00000	52.22101	12.66007	83.13481
1883.00000	47.60741	12.83043	90.17148
1884.00000	51.17925	14.30280	79.68664
1885.00000	49.69098	13.66449	79.02810
1886.00000	55.27192	12.17184	79.42258
1887.00000	53.00232	13.14281	86.52255
1888.00000	50.47229	14.02033	88.59883
1889.00000	53.41163	13.09910	74.67227
1890.00000	48.94686	13.12692	79.91346
1891.00000	47.23534	12.90256	80.10062
1892.00000	59.91996	12.82645	77.50831
1893.00000	44.03554	13.28053	84.79044
1894.00000	54.93708	13.47440	83.22339
1895.00000	51.06761	12.66022	70.26797
1896.00000	48.98401	10.72050	75.41461
1897.00000	46.04472	12.95260	85.39495
1898.00000	47.27255	14.11033	71.22422
1899.00000	48.35154	12.25919	88.82315
1900.00000	51.29087	15.43408	86.77906
1901.00000	53.78369	13.45024	82.11406
1902.00000	48.87245	15.47952	77.04721
1903.00000	48.57475	12.00917	88.09036
1904.00000	50.84439	14.49833	87.43935
1905.00000	53.18839	14.39165	82.83758
1906.00000	51.25366	13.17494	85.44055
1907.00000	47.60740	12.75092	92.72737
1908.00000	49.83982	16.11244	82.95297
1909.00000	53.74647	13.47982	66.60052
1910.00000	46.60276	11.85399	73.00273
1911.00000	48.35154	14.48512	86.10903
1912.00000	49.35613	15.49479	85.42597
1913.00000	50.50953	13.94420	83.97136
1914.00000	47.27255	14.32832	85.31308
1915.00000	47.19810	15.08022	86.03258
1916.00000	49.54216	14.15667	88.31886
1917.00000	48.50034	13.80267	81.83406
1918.00000	46.45399	12.13888	83.45503
1919.00000	47.42137	13.43200	83.85396
1920.00000	51.62571	12.61179	76.11870
1921.00000	51.51408	13.46952	84.66734
1922.00000	50.54674	15.34146	82.37188
1923.00000	53.93252	14.63498	86.21396
1924.00000	53.82090	13.38673	69.18354
1925.00000	48.64920	13.41915	84.20492
1926.00000	50.62113	14.13547	75.09984
1927.00000	59.43608	13.34585	83.77128
1928.00000	46.41675	12.72832	72.28094
1929.00000	45.00292	13.87845	83.12810
1930.00000	50.32349	13.93375	75.93859
1931.00000	49.20727	13.45850	80.38922
1932.00000	49.76540	11.55797	72.44586
1933.00000	46.23076	15.65641	81.17435
1934.00000	48.50037	12.45280	87.29481
1935.00000	49.54216	14.86045	81.97440
1936.00000	46.71445	15.90320	85.67130
1937.00000	48.90965	12.03141	73.85250
1938.00000	44.48201	14.06499	88.60273
1939.00000	44.18433	12.80115	83.19474
1940.00000	48.79803	12.64458	85.86151
1941.00000	50.02585	13.76926	83.92521
1942.00000	50.17463	12.89221	90.52500
1943.00000	48.16552	15.80109	84.93341
1944.00000	47.27255	14.30442	75.08203
1945.00000	49.28171	12.82912	83.69023
1946.00000	44.81689	14.49714	81.75154
1947.00000	51.51409	12.81466	85.85433
1948.00000	50.32350	12.72710	78.11430
1949.00000	46.45400	14.11487	88.16945
1950.00000	48.09110	13.60893	84.35823
1951.00000	46.67724	15.66201	84.48167
1952.00000	46.60281	14.71697	85.29354
1953.00000	47.42138	15.24141	76.68711
1954.00000	52.18382	12.97385	80.70000
1955.00000	44.85410	16.19636	72.75888
1956.00000	49.80257	13.29023	85.75172
1957.00000	50.88159	14.78315	63.07177
1958.00000	49.87699	10.63472	89.87497
1959.00000	50.88160	15.13350	76.49523
1960.00000	42.91932	14.86509	87.43394
1961.00000	51.47690	14.53436	80.17703
1962.00000	48.87243	14.55161	81.36490
1963.00000	52.77909	12.24756	70.00771
1964.00000	44.74248	12.04376	89.00394
1965.00000	50.76995	14.23195	66.80130
1966.00000	69.74021	9.55724	80.58823
1967.00000	42.73329	12.82975	85.54047
1968.00000	50.24908	13.79755	81.51560
1969.00000	49.35613	14.84906	86.44497
1970.00000	49.95140	12.15816	75.37279
1971.00000	51.73730	10.78948	79.88927
1972.00000	47.01209	14.74452	84.01769
1973.00000	52.10941	14.91401	80.55146
1974.00000	49.02127	13.22040	84.51755
1975.00000	45.97031	14.74432	66.32656
1976.00000	48.12828	13.03418	81.17357
1977.00000	51.62572	12.75331	86.33927
1978.00000	48.79802	13.99416	80.13664
1979.00000	47.01210	14.47091	84.60227
1980.00000	47.71903	14.22125	83.95198
1981.00000	47.64462	14.47595	78.92359
1982.00000	48.20272	12.99027	79.99745
1983.00000	48.57477	13.07297	80.90219
1984.00000	45.78427	14.19750	84.29722
1985.00000	52.33265	14.33440	93.10310
1986.00000	63.04543	14.57501	69.84237
1987.00000	48.87241	11.07197	75.31117
1988.00000	50.58391	14.06162	80.29565
1989.00000	47.23533	15.63944	84.59325
1990.00000	54.04414	13.95731	76.31794
1991.00000	57.31569	12.93815	75.96945
1992.00000	46.63997	13.78186	81.34453
1993.00000	46.23076	13.16556	66.60326
1994.00000	53.70514	11.12284	85.57464
1995.00000	48.76082	13.28449	85.84646
1996.00000	47.90506	14.46201	85.26198
1997.00000	48.79803	15.11055	83.45950
1998.00000	46.34238	15.54701	77.30612
1999.00000	48.72361	14.45714	87.11820
2000.00000	54.97428	15.72127	81.92964
2001.00000	47.75624	12.66170	66.16401
2002.00000	47.34691	10.97825	53.01643
2003.00000	39.94273	12.29393	84.70013
2004.00000	47.97948	14.18775	84.46776
2005.00000	47.97948	14.58600	81.57674
