Year		Latitude	Strength	NAO_index
1851.00000	52.70470	11.98752	75.90206
1852.00000	46.64003	15.35317	75.67773
1853.00000	59.39888	14.82238	74.79969
1854.00000	46.64004	14.80923	76.75123
1855.00000	41.91473	14.82874	88.34344
1856.00000	51.66293	14.78466	80.29252
1857.00000	49.80257	14.06679	82.53625
1858.00000	49.54215	12.54636	75.41068
1859.00000	50.95596	11.93749	74.80521
1860.00000	47.94224	14.86490	79.17771
1861.00000	47.57020	15.31626	79.58375
1862.00000	45.26337	15.88168	77.98542
1863.00000	46.00751	16.08594	88.63919
1864.00000	48.61199	16.38352	72.40458
1865.00000	46.49118	11.89697	75.91854
1866.00000	43.73789	13.07580	68.20201
1867.00000	52.77908	11.27127	80.19651
1868.00000	51.29085	12.41484	67.29255
1869.00000	43.03095	12.72571	79.75776
1870.00000	52.29543	11.75386	87.01815
1871.00000	50.65834	17.62507	81.35732
1872.00000	52.03494	12.33508	76.41211
1873.00000	56.90898	13.70834	79.07971
1874.00000	64.38426	13.62680	61.84203
1875.00000	44.77964	10.58228	73.40263
1876.00000	59.06443	13.57374	80.03013
1877.00000	45.44941	13.54454	68.62083
1878.00000	43.14256	14.97603	79.08143
1879.00000	60.10604	12.41185	68.83859
1880.00000	39.94274	11.92358	77.51885
1881.00000	62.11447	12.31155	87.09656
1882.00000	50.24907	14.36383	85.79313
1883.00000	47.42138	13.92686	90.82261
1884.00000	49.28169	14.10258	81.54336
1885.00000	49.24449	13.89236	75.91677
1886.00000	54.08131	14.39683	83.90231
1887.00000	56.08782	14.88814	75.44008
1888.00000	49.91422	13.25700	84.48901
1889.00000	45.33776	13.97619	75.40174
1890.00000	57.72514	12.17676	79.63807
1891.00000	46.82607	14.55242	85.40903
1892.00000	48.64918	13.81558	81.44463
1893.00000	55.56957	13.81147	81.68120
1894.00000	42.73328	13.80311	74.07359
1895.00000	59.84562	14.58358	88.24401
1896.00000	50.13747	14.86660	64.93922
1897.00000	53.11140	13.30530	84.96948
1898.00000	51.03039	14.35623	85.46175
1899.00000	47.04931	15.56221	81.13961
1900.00000	51.21643	15.77148	58.84141
1901.00000	58.65522	13.82819	84.63891
1902.00000	52.63029	15.74579	76.71336
1903.00000	50.28629	14.18187	79.83748
1904.00000	51.47686	12.58369	76.45940
1905.00000	60.58985	10.79346	82.21703
1906.00000	49.17010	14.85952	82.68362
1907.00000	48.61199	14.07590	86.95023
1908.00000	53.03953	14.37862	82.98250
1909.00000	45.67264	13.82774	82.77808
1910.00000	49.57936	13.92390	84.55714
1911.00000	48.76081	15.60811	81.18951
1912.00000	45.89589	14.48423	84.09167
1913.00000	49.80261	14.45672	89.57870
1914.00000	50.02583	14.20906	81.24623
1915.00000	47.57017	12.59054	80.86234
1916.00000	51.66292	13.07100	89.64992
1917.00000	51.03043	15.67005	73.18208
1918.00000	50.95600	12.35723	80.01943
1919.00000	53.00236	14.65792	79.34260
1920.00000	45.67266	11.62625	79.50831
1921.00000	48.31428	13.17324	66.58229
1922.00000	46.15628	14.95354	84.00208
1923.00000	43.06810	11.10957	65.53443
1924.00000	44.74246	14.72460	82.11284
1925.00000	46.86327	13.91706	83.66692
1926.00000	42.95652	12.69835	65.41060
1927.00000	48.79800	12.32747	83.19433
1928.00000	46.97487	15.18705	68.81094
1929.00000	51.73733	11.87959	84.55692
1930.00000	47.08652	16.07234	67.14346
1931.00000	54.00686	12.24734	79.05172
1932.00000	42.69604	11.15518	80.65474
1933.00000	46.41679	15.13155	89.87521
1934.00000	49.31892	15.01166	72.10482
1935.00000	56.27330	14.64933	80.74373
1936.00000	52.03498	12.50000	84.37445
1937.00000	49.65377	14.17026	79.89662
1938.00000	63.75243	13.28012	78.88338
1939.00000	54.56502	11.80214	75.25349
1940.00000	45.82148	12.50222	88.05122
1941.00000	48.61198	14.70022	78.03091
1942.00000	48.38875	12.99402	80.01039
1943.00000	52.89073	14.17547	75.48680
1944.00000	47.83065	13.73961	71.08466
1945.00000	47.04930	14.19875	82.21930
1946.00000	49.35612	12.15797	74.25599
1947.00000	57.57583	15.43708	76.98018
1948.00000	50.10024	12.79809	73.00401
1949.00000	56.57124	15.07335	73.86206
1950.00000	41.91472	12.45881	81.04998
1951.00000	45.41220	13.35992	78.06169
1952.00000	48.64919	12.95160	86.90175
1953.00000	46.00751	12.18565	71.38734
1954.00000	41.76589	13.63609	77.31117
1955.00000	43.81230	11.19644	84.00003
1956.00000	51.77455	13.98665	85.40367
1957.00000	50.95597	13.47210	83.75786
1958.00000	50.50952	14.12606	66.30357
1959.00000	48.01663	14.72797	81.75984
1960.00000	47.34697	15.14212	73.73828
1961.00000	47.86785	15.27964	75.69924
1962.00000	44.10996	14.78060	76.03695
1963.00000	45.30058	12.74685	66.57838
1964.00000	43.40302	13.65861	77.27523
1965.00000	49.76537	14.13703	79.58417
1966.00000	51.96058	14.34728	83.74599
1967.00000	61.07366	15.10224	80.04427
1968.00000	49.54214	13.98154	84.10880
1969.00000	64.16121	13.81761	77.54877
1970.00000	52.77911	13.50401	83.50310
1971.00000	47.49577	13.22998	78.54461
1972.00000	53.18835	13.59845	73.98232
1973.00000	47.38411	13.16646	91.41133
1974.00000	51.88616	15.16103	68.64877
1975.00000	47.04927	13.72213	83.31245
1976.00000	51.06761	15.76034	69.39115
1977.00000	46.90043	11.41057	70.76701
1978.00000	44.70525	12.46311	75.37477
1979.00000	50.10025	12.04412	79.14201
1980.00000	51.03040	14.04311	87.96612
1981.00000	50.88159	15.89363	74.53365
1982.00000	49.50495	12.55497	87.41747
1983.00000	45.59824	15.01155	73.22250
1984.00000	50.39780	12.53563	75.42370
1985.00000	51.32805	11.33304	76.90070
1986.00000	45.48660	13.44992	80.70984
1987.00000	45.07734	15.63083	97.01737
1988.00000	53.44883	17.01739	74.91326
1989.00000	47.90507	14.30248	89.15341
1990.00000	50.84435	14.83174	76.58609
1991.00000	54.41618	12.86546	75.24135
1992.00000	47.97944	12.69731	87.14909
1993.00000	61.74287	15.62917	80.03609
1994.00000	48.83524	12.39425	72.57123
1995.00000	47.42137	13.91205	83.42630
1996.00000	46.60282	13.56538	78.27393
1997.00000	41.50543	11.15112	88.16317
1998.00000	42.69608	14.97043	77.71252
1999.00000	54.93394	12.90417	68.39062
2000.00000	50.39786	10.20412	79.22659
2001.00000	51.32807	13.40453	76.64088
2002.00000	49.31890	14.37817	81.43615
2003.00000	42.99369	12.62924	81.93708
2004.00000	61.89203	14.34136	75.59344
2005.00000	43.14257	12.22967	82.93203
