Year		Latitude	Strength	NAO_index
1851.00000	47.75623	13.48172	85.13805
1852.00000	51.84896	15.40239	72.01448
1853.00000	45.26336	10.52121	74.82018
1854.00000	51.70012	11.18159	88.74401
1855.00000	48.01668	15.44341	68.39383
1856.00000	48.57477	13.44814	86.41224
1857.00000	48.94684	14.98293	82.60211
1858.00000	58.09682	13.06183	84.07784
1859.00000	48.76082	14.29695	71.77773
1860.00000	43.96112	14.90382	89.11972
1861.00000	47.60740	14.33974	84.06570
1862.00000	49.91423	15.53016	80.66448
1863.00000	50.06304	13.54194	72.09602
1864.00000	47.60737	11.59219	78.32998
1865.00000	52.25816	11.66967	75.36451
1866.00000	47.68183	13.48894	86.65664
1867.00000	49.83982	11.90421	74.27076
1868.00000	44.92851	13.26835	86.53620
1869.00000	47.04931	15.44595	89.22724
1870.00000	46.86327	14.46363	87.61948
1871.00000	52.48146	14.70883	76.28458
1872.00000	51.21641	10.97350	84.50817
1873.00000	49.46773	13.82146	78.04987
1874.00000	49.35612	13.98207	80.56234
1875.00000	49.54216	13.08022	77.67662
1876.00000	51.10483	11.90184	90.65086
1877.00000	48.76083	15.05400	81.26232
1878.00000	55.27193	12.85656	72.57096
1879.00000	47.97944	11.02565	72.41456
1880.00000	49.65375	11.87999	90.99378
1881.00000	48.72361	15.30855	77.50659
1882.00000	43.88671	11.51787	82.63414
1883.00000	45.89589	16.37218	92.57995
1884.00000	47.83066	15.33882	65.95065
1885.00000	60.51543	11.90145	80.77740
1886.00000	50.36071	12.37834	84.28047
1887.00000	48.72362	13.39868	71.98086
1888.00000	48.79802	14.69362	80.97547
1889.00000	46.56560	12.90508	76.39893
1890.00000	59.62261	12.00294	87.08026
1891.00000	53.78368	13.40885	84.68614
1892.00000	45.89589	14.14418	89.01896
1893.00000	52.63030	13.19925	87.75258
1894.00000	50.28630	14.67569	77.31901
1895.00000	47.90505	14.45705	80.23904
1896.00000	47.90503	12.73289	78.83427
1897.00000	45.70985	11.93909	82.82852
1898.00000	49.39330	12.46474	85.71875
1899.00000	46.49118	13.78394	84.90940
1900.00000	51.55131	12.67665	88.35581
1901.00000	50.47230	14.43041	86.14136
1902.00000	50.47232	15.31723	83.99328
1903.00000	46.93766	12.93074	82.77969
1904.00000	53.52324	13.07421	82.77956
1905.00000	46.78886	14.84124	87.73570
1906.00000	51.32808	14.33665	82.29383
1907.00000	50.58393	13.34288	68.05531
1908.00000	46.34238	13.71415	72.17070
1909.00000	44.44481	14.70618	77.81617
1910.00000	52.29541	13.60708	84.54878
1911.00000	49.57935	14.48629	82.42953
1912.00000	47.97948	14.88739	79.19292
1913.00000	47.79345	13.55732	88.24211
1914.00000	50.99315	13.22123	83.76144
1915.00000	48.57478	13.22983	84.36224
1916.00000	52.25823	13.53982	80.03498
1917.00000	50.91881	14.10839	79.07328
1918.00000	46.90048	14.56199	87.14815
1919.00000	50.06304	13.72821	82.46315
1920.00000	51.70014	14.91618	83.77198
1921.00000	47.45859	15.04297	94.47547
1922.00000	47.34697	14.76751	89.88185
1923.00000	51.73734	14.48132	84.00495
1924.00000	53.67204	11.32016	69.48130
1925.00000	43.03094	12.98737	60.91623
1926.00000	45.18892	11.27407	81.35029
1927.00000	46.30515	14.07631	81.58958
1928.00000	44.33320	14.23770	79.44156
1929.00000	45.41219	12.68962	82.13167
1930.00000	48.46315	14.16145	88.70769
1931.00000	51.25366	15.06444	83.15964
1932.00000	44.63083	11.97092	86.78638
1933.00000	51.14204	13.99833	78.45193
1934.00000	46.93764	13.79665	89.05075
1935.00000	49.20729	13.66433	79.39008
1936.00000	48.05388	11.62298	86.09956
1937.00000	44.37041	13.89690	84.66958
1938.00000	53.44881	12.43674	83.07099
1939.00000	51.47686	15.02946	81.55516
1940.00000	51.51410	13.70983	68.66474
1941.00000	59.36115	11.15982	87.40081
1942.00000	50.88158	14.13065	68.46029
1943.00000	46.08189	13.36792	79.50102
1944.00000	49.98864	11.95152	73.44237
1945.00000	44.29599	14.14644	87.56636
1946.00000	47.97948	13.66534	88.36961
1947.00000	49.50496	14.14888	82.84175
1948.00000	47.19813	13.47453	75.42734
1949.00000	57.46420	13.42393	81.98026
1950.00000	50.32350	14.99965	91.42513
1951.00000	47.86785	15.06005	79.52083
1952.00000	48.38873	14.01410	73.35148
1953.00000	47.97947	13.29554	78.44909
1954.00000	47.64462	12.51007	85.08969
1955.00000	50.24906	14.39243	87.13979
1956.00000	49.50495	14.09625	69.05635
1957.00000	54.49061	11.14425	86.50778
1958.00000	48.35155	15.29539	88.61175
1959.00000	52.92795	14.67823	79.76021
1960.00000	51.10479	10.98080	71.13810
1961.00000	43.06816	13.78770	81.60623
1962.00000	49.46774	14.11979	82.45375
1963.00000	52.92795	13.80028	80.47338
1964.00000	45.56103	11.91482	88.01289
1965.00000	52.55586	13.30353	83.49242
1966.00000	48.61194	13.56422	83.46961
1967.00000	48.72357	13.55761	74.59802
1968.00000	49.61648	9.34702	87.52875
1969.00000	48.53758	15.61589	79.25401
1970.00000	50.21187	12.94558	80.01156
1971.00000	45.97028	13.49120	83.62992
1972.00000	49.83980	13.96401	77.04076
1973.00000	46.45400	13.92306	83.40854
1974.00000	48.20272	14.10905	79.02070
1975.00000	44.89130	14.11142	85.11539
1976.00000	46.04471	13.50458	80.92266
1977.00000	47.27255	12.91641	76.18576
1978.00000	49.09567	14.96648	85.27800
1979.00000	48.01669	13.33637	73.03104
1980.00000	42.84490	12.60149	83.43448
1981.00000	46.08193	14.51940	86.12677
1982.00000	47.68183	14.11850	73.80583
1983.00000	48.76080	13.01019	88.35276
1984.00000	46.78886	14.83469	79.90708
1985.00000	49.65376	12.10426	86.17646
1986.00000	50.80717	13.78805	83.75737
1987.00000	50.65834	11.90312	84.60102
1988.00000	48.46315	16.07635	78.19185
1989.00000	48.27713	14.78809	81.85471
1990.00000	53.96971	12.60676	86.51604
1991.00000	50.24908	15.14908	83.08675
1992.00000	47.71903	15.10025	84.75992
1993.00000	51.66291	14.56077	80.25117
1994.00000	48.87243	11.61701	86.94903
1995.00000	49.50496	15.22855	83.78344
1996.00000	51.77455	13.14365	71.19992
1997.00000	41.80310	11.46578	90.57672
1998.00000	51.99776	14.64037	85.52011
1999.00000	48.31434	15.12086	81.12854
2000.00000	47.94227	14.84684	80.39680
2001.00000	48.23992	13.20949	86.52128
2002.00000	47.42137	14.85527	79.15190
2003.00000	50.50950	11.90975	82.96023
2004.00000	49.72820	15.22955	83.16292
2005.00000	52.48147	14.58502	77.62766
