Year		Latitude	Strength	NAO_index
1851.00000	45.18895	11.82287	10.06565
1852.00000	41.50545	13.17842	21.60117
1853.00000	43.44022	16.58720	16.24914
1854.00000	43.58905	11.43119	13.99961
1855.00000	41.39382	13.70929	18.73151
1856.00000	42.17516	13.12968	27.27477
1857.00000	44.81688	14.80993	32.12565
1858.00000	46.63999	14.77326	26.00453
1859.00000	39.97994	12.68655	15.87031
1860.00000	41.43102	9.87849	23.51750
1861.00000	46.41677	12.73103	14.43383
1862.00000	39.42183	12.51563	24.70445
1863.00000	45.82148	14.56562	2.02302
1864.00000	37.85913	12.01286	26.44516
1865.00000	42.84491	16.36788	38.43115
1866.00000	45.97031	14.39958	9.93930
1867.00000	41.09617	13.14904	12.99729
1868.00000	38.11958	10.02258	4.93956
1869.00000	40.57527	12.75429	13.06453
1870.00000	45.33778	12.01957	16.54578
1871.00000	42.69608	15.80315	8.59260
1872.00000	52.70185	10.20274	27.58406
1873.00000	48.09110	13.99433	17.87401
1874.00000	39.38462	12.52676	15.92224
1875.00000	41.80310	14.63079	14.95294
1876.00000	38.49165	13.69866	28.46221
1877.00000	45.26338	14.31312	22.13672
1878.00000	41.13338	13.61115	20.07273
1879.00000	44.89130	15.16988	3.69716
1880.00000	36.55686	10.96566	34.66122
1881.00000	47.68180	14.08370	6.94542
1882.00000	41.43102	12.81847	32.40435
1883.00000	45.07730	15.50870	32.44281
1884.00000	43.77509	16.28556	26.72198
1885.00000	44.22158	15.30992	16.41180
1886.00000	41.84031	12.47712	20.72409
1887.00000	39.86831	10.72066	15.21471
1888.00000	41.84029	11.71433	25.59122
1889.00000	46.93762	12.61252	17.87745
1890.00000	40.38923	12.45892	10.39286
1891.00000	38.45445	14.98915	23.85073
1892.00000	40.42642	13.93902	5.53615
1893.00000	40.98454	13.18613	32.19641
1894.00000	49.31891	13.70172	15.92339
1895.00000	42.17518	11.16717	23.72508
1896.00000	44.55644	13.63400	16.60331
1897.00000	41.95194	13.04234	26.81383
1898.00000	46.34234	12.65525	20.64385
1899.00000	48.98402	11.85769	15.54758
1900.00000	39.45904	12.28119	2.52859
1901.00000	39.04976	15.22024	18.44977
1902.00000	43.77509	13.13595	29.61633
1903.00000	43.10535	12.79017	19.71458
1904.00000	45.37492	10.01656	9.51669
1905.00000	37.85913	10.97994	11.80122
1906.00000	38.04516	13.27693	0.76271
1907.00000	37.59867	10.12376	20.43604
1908.00000	41.50545	15.71257	19.30487
1909.00000	54.67376	11.39409	18.60221
1910.00000	43.58906	13.17887	20.46516
1911.00000	43.06816	13.36474	16.16750
1912.00000	40.31482	15.04375	13.04893
1913.00000	41.84030	13.34642	14.36750
1914.00000	41.35660	12.28428	24.99156
1915.00000	47.16086	12.61320	22.31891
1916.00000	41.91473	12.78797	16.80943
1917.00000	51.21628	7.47938	28.01258
1918.00000	42.28680	14.80713	22.14078
1919.00000	40.05436	12.95190	23.73997
1920.00000	45.85863	11.41483	14.48281
1921.00000	38.49165	11.02228	19.44568
1922.00000	48.09100	9.63173	6.79133
1923.00000	38.78931	8.85272	12.05115
1924.00000	38.93812	11.20492	16.05464
1925.00000	45.07734	13.58578	4.91279
1926.00000	40.09157	13.23005	27.04102
1927.00000	48.20266	11.99610	16.06956
1928.00000	43.32860	13.07296	16.68664
1929.00000	42.32399	12.17700	22.97878
1930.00000	41.20779	15.44905	28.55849
1931.00000	43.84950	15.44007	27.58479
1932.00000	46.11914	11.58836	24.05367
1933.00000	41.35662	11.16737	24.87591
1934.00000	45.37500	13.68087	-0.34398
1935.00000	36.96614	12.77348	18.80435
1936.00000	40.53806	12.77137	14.63961
1937.00000	45.56095	11.79566	27.93484
1938.00000	49.20727	14.82828	14.48740
1939.00000	43.21690	10.76065	15.40523
1940.00000	41.87752	15.17344	11.83732
1941.00000	41.98914	12.21219	22.98823
1942.00000	41.65428	15.88425	25.56948
1943.00000	44.22157	11.27199	28.07964
1944.00000	45.93310	16.01673	22.62518
1945.00000	44.77968	15.60412	5.92646
1946.00000	40.91013	12.80146	12.97977
1947.00000	54.56223	14.71277	13.50703
1948.00000	37.37543	10.23287	18.86771
1949.00000	43.44023	13.50305	26.81096
1950.00000	43.17978	10.98246	11.50779
1951.00000	39.71950	13.24593	23.40917
1952.00000	45.33779	14.05170	20.03883
1953.00000	41.65427	15.32840	19.63849
1954.00000	42.21239	14.26244	17.78299
1955.00000	47.27247	14.08306	10.03615
1956.00000	42.43563	12.82839	22.98052
1957.00000	44.74246	13.05875	12.50091
1958.00000	47.30970	11.95566	9.50859
1959.00000	42.24959	12.67131	20.81875
1960.00000	41.80310	10.69884	16.75284
1961.00000	43.58905	16.14859	25.36901
1962.00000	46.97488	16.53294	10.53969
1963.00000	42.39843	14.00030	14.97635
1964.00000	38.56606	11.67351	35.69232
1965.00000	43.51461	13.56269	20.50107
1966.00000	50.24903	11.34190	13.73143
1967.00000	44.48202	14.35985	31.83185
1968.00000	46.11913	12.73124	11.09339
1969.00000	39.23580	13.23330	16.18094
1970.00000	44.18437	13.82459	8.52466
1971.00000	37.56147	14.31959	21.52310
1972.00000	41.13337	14.73731	25.21615
1973.00000	40.50084	13.95872	24.20091
1974.00000	44.14715	10.50355	32.81539
1975.00000	44.40758	12.52455	16.95695
1976.00000	36.66848	12.08379	38.02099
1977.00000	43.32859	12.77623	17.38029
1978.00000	40.57526	13.25224	7.84635
1979.00000	37.37543	14.53971	14.66049
1980.00000	39.38463	11.05816	17.84695
1981.00000	48.72356	12.44273	10.11078
1982.00000	38.38003	12.97786	33.88734
1983.00000	47.79341	11.72506	19.66047
1984.00000	40.72409	11.68554	16.46005
1985.00000	45.70986	12.78347	27.15727
1986.00000	42.84490	13.38201	17.01008
1987.00000	42.10071	11.55548	10.53216
1988.00000	40.98455	14.95231	29.80026
1989.00000	42.73329	14.35606	12.49823
1990.00000	37.71029	12.54516	1.66758
1991.00000	40.83572	12.04358	23.61164
1992.00000	41.39381	13.91709	28.66367
1993.00000	47.23534	13.00402	17.41742
1994.00000	46.26796	14.65658	16.03133
1995.00000	44.74240	10.19425	11.98328
1996.00000	41.46824	14.20449	19.27964
1997.00000	46.37958	14.02234	31.01622
1998.00000	54.45340	13.15612	14.80581
1999.00000	38.11956	9.96718	6.13482
2000.00000	39.75671	11.32985	8.36872
2001.00000	40.91013	11.92463	9.46937
2002.00000	39.71949	11.35958	-2.42708
2003.00000	36.51965	11.93634	10.90992
2004.00000	43.21699	13.48452	29.18776
2005.00000	46.90046	8.76931	11.24227
