Year		Latitude	Strength	NAO_index
1851.00000	50.06303	10.44900	59.63388
1852.00000	61.03451	8.19174	54.34752
1853.00000	45.59823	13.26250	31.00052
1854.00000	40.91013	10.52187	53.60375
1855.00000	57.94886	8.23419	57.38049
1856.00000	45.00288	10.52344	46.74578
1857.00000	42.32398	12.04395	41.01440
1858.00000	61.78019	7.32020	54.01435
1859.00000	55.94159	11.50078	44.51599
1860.00000	48.31421	8.88111	42.01047
1861.00000	41.20778	11.24768	55.49891
1862.00000	43.62624	11.48104	46.54424
1863.00000	49.83977	10.42781	51.12406
1864.00000	44.66806	10.58755	57.91555
1865.00000	50.54673	11.43803	57.93201
1866.00000	37.56145	10.35162	50.43148
1867.00000	51.58844	9.55028	36.40484
1868.00000	37.85912	10.22276	60.45734
1869.00000	61.66839	10.97154	42.07252
1870.00000	55.19657	7.68652	47.74002
1871.00000	52.85348	8.68761	55.47961
1872.00000	46.71445	11.31000	59.75937
1873.00000	48.12830	11.05697	57.14010
1874.00000	52.70467	9.21343	52.32537
1875.00000	46.23076	11.19974	61.13240
1876.00000	52.03498	11.04513	48.11799
1877.00000	46.08184	9.69798	53.17346
1878.00000	46.37955	10.52474	38.07898
1879.00000	40.57526	10.53095	57.07862
1880.00000	49.05847	10.21332	40.95568
1881.00000	40.94734	12.45608	48.63367
1882.00000	44.25873	9.52566	65.90615
1883.00000	43.44022	14.58988	42.73643
1884.00000	42.21238	12.35621	50.86081
1885.00000	46.37955	13.24423	36.03464
1886.00000	46.56551	11.56155	44.92406
1887.00000	46.86315	7.24131	41.91826
1888.00000	58.98987	9.70724	51.80123
1889.00000	42.13797	12.65146	49.64388
1890.00000	40.53805	11.74472	49.81055
1891.00000	45.59816	10.01768	48.12471
1892.00000	42.02635	10.06687	48.72424
1893.00000	42.17517	13.40950	51.00273
1894.00000	44.77967	8.26582	50.63651
1895.00000	44.14705	10.28614	57.83919
1896.00000	47.08646	11.34664	52.30359
1897.00000	46.49121	12.72626	49.19109
1898.00000	42.54722	8.80148	52.02195
1899.00000	47.23531	12.48764	49.58682
1900.00000	43.25416	10.08179	44.32698
1901.00000	47.94223	9.88240	58.06242
1902.00000	51.58848	12.37776	45.39875
1903.00000	44.59362	11.60059	56.54487
1904.00000	42.84489	10.18310	45.13583
1905.00000	41.05893	10.66115	58.86031
1906.00000	45.11452	9.81960	42.86940
1907.00000	40.31481	10.09509	27.15760
1908.00000	35.81271	10.28456	47.08998
1909.00000	43.40302	11.77445	54.09023
1910.00000	44.63073	11.59177	43.95982
1911.00000	47.16091	12.96692	41.77961
1912.00000	44.89130	11.29786	36.50820
1913.00000	46.49112	8.01306	44.77010
1914.00000	41.39383	11.46190	58.34354
1915.00000	47.71900	8.95082	49.41203
1916.00000	39.27299	9.57819	43.58185
1917.00000	46.00744	10.01176	60.02294
1918.00000	53.48602	11.86856	43.39898
1919.00000	39.71948	8.61976	40.35930
1920.00000	45.41211	8.39347	63.25664
1921.00000	52.55587	13.49302	59.83002
1922.00000	53.93246	10.80826	50.32409
1923.00000	48.35150	10.84908	52.08495
1924.00000	42.54724	9.20129	51.35620
1925.00000	49.35606	9.76283	48.71427
1926.00000	46.30512	9.72922	65.34664
1927.00000	49.91422	12.10145	57.13216
1928.00000	46.41679	10.03628	49.93357
1929.00000	49.69093	9.54197	62.18154
1930.00000	44.25879	14.35512	56.59430
1931.00000	40.98454	11.60593	42.09620
1932.00000	38.93814	10.85164	33.67312
1933.00000	47.75617	9.71953	59.27852
1934.00000	41.61706	11.18124	45.01252
1935.00000	48.57472	12.06543	40.16857
1936.00000	54.56501	6.20157	52.72990
1937.00000	45.78420	9.76746	39.35570
1938.00000	42.32398	11.53085	50.19893
1939.00000	60.96089	11.29277	62.43627
1940.00000	54.41618	12.19484	50.02838
1941.00000	47.38413	9.16028	50.82260
1942.00000	52.22096	8.20060	48.76748
1943.00000	43.29140	10.64661	48.84763
1944.00000	49.20730	9.86090	51.74221
1945.00000	52.51866	10.24661	45.01203
1946.00000	43.40298	11.82852	54.20742
1947.00000	49.72816	10.71068	44.54906
1948.00000	37.89632	8.96092	46.07849
1949.00000	43.88671	10.38145	57.94013
1950.00000	50.91876	9.52466	38.86130
1951.00000	42.69609	9.94783	46.77430
1952.00000	41.05895	10.78977	44.81094
1953.00000	45.37492	9.24275	53.30794
1954.00000	44.85405	9.23723	60.43570
1955.00000	51.21644	12.93736	39.54372
1956.00000	51.73709	11.20118	42.60229
1957.00000	44.44478	13.00549	49.15073
1958.00000	41.13337	10.70056	45.50542
1959.00000	43.06816	10.42079	37.64094
1960.00000	61.37078	10.02436	46.19531
1961.00000	44.81689	14.72338	59.54023
1962.00000	48.94685	13.78134	64.88398
1963.00000	45.97030	11.43841	53.53458
1964.00000	47.97941	12.70711	47.99703
1965.00000	43.99831	13.50599	57.75252
1966.00000	48.12825	11.93299	42.17453
1967.00000	45.70979	8.86416	55.95240
1968.00000	41.65426	11.44723	62.81172
1969.00000	47.64457	12.52466	57.26318
1970.00000	56.46251	10.51088	53.40818
1971.00000	44.74246	11.76613	43.92779
1972.00000	43.96110	12.70290	54.37945
1973.00000	43.58906	12.04205	64.44344
1974.00000	47.79343	11.61354	50.97787
1975.00000	45.52382	12.23920	43.89547
1976.00000	41.43102	10.79421	43.21935
1977.00000	47.42132	10.54915	44.28542
1978.00000	38.49164	8.43579	57.07430
1979.00000	45.67265	10.97367	46.72958
1980.00000	50.84425	9.35312	47.02177
1981.00000	61.55589	9.42591	59.47474
1982.00000	48.76079	12.96082	50.38573
1983.00000	53.78364	10.39357	45.91852
1984.00000	44.92851	9.15248	51.69248
1985.00000	45.52382	11.51034	43.52674
1986.00000	42.10076	11.09526	51.95534
1987.00000	42.47283	10.56623	55.26440
1988.00000	46.45399	14.34430	43.87453
1989.00000	43.10536	13.01283	52.64023
1990.00000	46.52841	12.29764	34.46122
1991.00000	40.57526	10.36429	61.10123
1992.00000	51.40244	10.47024	55.62154
1993.00000	48.35153	13.07300	43.56326
1994.00000	41.09608	10.66368	59.52143
1995.00000	43.47742	12.11172	61.04617
1996.00000	57.76150	10.01064	48.42875
1997.00000	42.43562	13.08666	37.29292
1998.00000	43.77492	7.00645	47.16669
1999.00000	46.34237	13.46086	53.19341
2000.00000	43.62622	10.39412	61.60732
2001.00000	42.13795	11.13750	56.12565
2002.00000	45.52383	11.68230	45.46623
2003.00000	41.02175	11.72352	60.16143
2004.00000	49.50489	11.87737	57.85495
2005.00000	49.69099	12.66995	58.44914
