Year		Latitude	Strength	NAO_index
1851.00000	47.38416	8.96521	62.62784
1852.00000	46.52841	9.59029	48.86377
1853.00000	40.98454	9.84161	55.94052
1854.00000	40.50082	9.16861	56.93240
1855.00000	43.44023	12.09524	53.78873
1856.00000	51.47355	8.33376	51.07127
1857.00000	44.92851	6.59720	65.82896
1858.00000	56.98006	8.93299	49.81789
1859.00000	36.25920	11.12210	59.40680
1860.00000	42.99374	9.28926	62.74073
1861.00000	40.91012	10.41878	53.90607
1862.00000	38.71489	10.23940	64.06885
1863.00000	41.43103	9.25037	61.32912
1864.00000	42.62165	10.61142	60.04607
1865.00000	40.05434	8.97816	71.62958
1866.00000	41.65426	9.30106	52.83875
1867.00000	38.90089	8.98528	53.57563
1868.00000	49.43043	8.06320	53.00315
1869.00000	41.72867	8.78513	50.86937
1870.00000	42.69594	8.98493	57.30534
1871.00000	58.80326	8.22670	65.92252
1872.00000	41.87751	11.21108	63.77333
1873.00000	38.52885	7.24494	66.22771
1874.00000	48.35148	9.50307	48.67227
1875.00000	45.04005	10.01838	67.53547
1876.00000	48.01667	11.58369	54.65630
1877.00000	40.35202	11.01130	56.55771
1878.00000	37.52425	8.59619	61.43102
1879.00000	44.25877	10.46322	64.62776
1880.00000	45.18896	11.78681	71.90070
1881.00000	44.77965	9.77035	51.37081
1882.00000	33.05934	9.60362	67.57544
1883.00000	46.67722	11.68266	64.21346
1884.00000	44.22157	9.37207	61.63208
1885.00000	42.28679	10.03703	55.39844
1886.00000	45.22616	10.89634	66.48383
1887.00000	42.39839	10.08551	56.03914
1888.00000	37.52426	12.78524	66.71117
1889.00000	45.89589	8.73150	77.78612
1890.00000	46.64002	11.81358	59.91318
1891.00000	43.47740	9.08823	58.81732
1892.00000	46.78875	8.04512	52.32690
1893.00000	37.82191	8.98037	54.31398
1894.00000	43.40299	8.21465	54.44841
1895.00000	37.26380	11.10980	55.12617
1896.00000	35.06854	7.27979	57.14365
1897.00000	42.43559	8.97892	57.05807
1898.00000	41.72868	11.11939	56.64737
1899.00000	53.81799	8.85103	60.73354
1900.00000	50.17462	7.21487	53.93276
1901.00000	50.24904	10.02601	54.32627
1902.00000	42.73323	6.82244	55.28049
1903.00000	39.08693	7.06228	71.02031
1904.00000	43.29131	8.64761	52.65385
1905.00000	48.46305	7.97850	58.95010
1906.00000	39.04976	8.75655	55.12498
1907.00000	40.91011	9.86923	60.58086
1908.00000	44.96562	9.26696	66.54539
1909.00000	44.48190	9.95938	52.34135
1910.00000	37.93353	9.42667	59.57729
1911.00000	44.33320	10.77584	65.21208
1912.00000	41.39381	9.66050	57.99627
1913.00000	39.49625	11.72045	51.99773
1914.00000	38.71488	8.16793	59.72401
1915.00000	41.84031	10.79801	56.01912
1916.00000	42.65876	7.10790	53.82977
1917.00000	37.93352	9.82315	61.97086
1918.00000	48.05375	6.94429	56.98588
1919.00000	36.59407	9.43655	61.83331
1920.00000	42.99370	8.17141	59.65466
1921.00000	47.30969	10.07679	58.08357
1922.00000	37.63587	10.23055	53.98430
1923.00000	40.42643	9.32042	56.47776
1924.00000	42.84491	9.05050	54.23984
1925.00000	39.01255	10.19507	53.39940
1926.00000	45.22607	8.03596	58.57445
1927.00000	41.31940	7.31572	61.87367
1928.00000	50.80713	8.68743	57.81526
1929.00000	36.66846	9.91568	63.31505
1930.00000	41.28220	10.18746	64.09737
1931.00000	46.64001	9.42633	57.97630
1932.00000	40.76123	8.85950	52.16594
1933.00000	38.52885	7.58405	51.25096
1934.00000	53.63168	8.94722	51.59326
1935.00000	34.80810	8.36417	49.89164
1936.00000	54.07741	6.68335	63.50698
1937.00000	46.08180	8.82433	64.40070
1938.00000	42.32396	9.42559	59.87687
1939.00000	40.79850	8.57329	56.70049
1940.00000	45.22608	9.85124	53.91443
1941.00000	37.56146	12.04002	55.49331
1942.00000	39.27297	9.52731	62.99498
1943.00000	48.20267	8.49650	47.86109
1944.00000	39.19859	8.29276	60.29523
1945.00000	46.49113	8.98015	59.04130
1946.00000	42.39834	8.34978	53.15914
1947.00000	37.93353	11.89782	56.93357
1948.00000	53.74320	9.27523	58.28487
1949.00000	48.23984	8.91681	62.47412
1950.00000	51.47683	10.69962	50.94961
1951.00000	45.52378	9.77264	57.96635
1952.00000	39.12415	9.11448	57.48534
1953.00000	41.80300	9.33582	56.25680
1954.00000	38.86372	8.27682	56.03688
1955.00000	34.80811	7.54237	55.52828
1956.00000	45.56094	7.58203	63.13477
1957.00000	69.55296	6.99322	48.97805
1958.00000	48.01662	8.23313	55.54995
1959.00000	41.50543	8.27249	58.11133
1960.00000	47.49571	7.57594	67.33005
1961.00000	47.64456	9.95174	61.77016
1962.00000	55.86720	10.60689	64.32870
1963.00000	49.13280	9.54637	45.20021
1964.00000	37.82191	9.73275	70.94682
1965.00000	48.35154	11.35525	45.92430
1966.00000	42.32399	8.37310	55.61542
1967.00000	56.34744	8.93901	54.54102
1968.00000	42.39843	8.12099	56.24234
1969.00000	49.31878	8.21447	52.79252
1970.00000	39.53346	11.05529	62.62268
1971.00000	38.75210	8.58451	67.16919
1972.00000	47.71903	9.15027	71.26727
1973.00000	41.98914	11.76287	43.27641
1974.00000	38.34282	12.94410	59.97245
1975.00000	48.38867	8.19156	54.16417
1976.00000	53.40796	9.81480	64.85219
1977.00000	44.33319	10.45938	49.02458
1978.00000	35.77550	10.08093	58.72487
1979.00000	41.39381	7.79473	55.64070
1980.00000	41.87752	12.61869	54.38127
1981.00000	44.44481	9.88403	56.64273
1982.00000	42.80770	9.36205	53.29310
1983.00000	37.37543	10.57121	55.40914
1984.00000	34.62207	9.37293	64.88789
1985.00000	43.17977	11.48196	58.91914
1986.00000	40.76130	10.73732	67.48448
1987.00000	46.34231	11.76614	56.82271
1988.00000	41.69144	8.63276	64.15029
1989.00000	49.87699	9.61376	64.29320
1990.00000	44.40753	10.90395	48.77115
1991.00000	37.33822	12.69013	72.89310
1992.00000	43.88664	9.73067	49.25680
1993.00000	38.97534	9.44761	59.37727
1994.00000	44.66805	10.80755	57.37560
1995.00000	38.90091	12.38500	41.17568
1996.00000	36.74290	12.15929	58.07393
1997.00000	43.58899	7.69617	69.73615
1998.00000	47.30973	12.39423	65.25695
1999.00000	46.08192	10.99376	47.18292
2000.00000	36.51965	8.26350	62.01287
2001.00000	47.86778	11.14422	66.03859
2002.00000	42.91931	11.56514	55.50458
2003.00000	35.21739	8.13265	59.03219
2004.00000	42.24959	12.07852	57.85555
2005.00000	43.66347	9.35284	59.26398
