Year		Latitude	Strength	NAO_index
1851.00000	44.96571	14.95179	39.51776
1852.00000	42.65888	11.97701	39.69393
1853.00000	48.20271	11.33080	30.27552
1854.00000	46.64003	13.66841	33.00333
1855.00000	49.17005	12.22082	38.90987
1856.00000	48.87238	10.88015	31.23075
1857.00000	49.35613	13.32209	30.88872
1858.00000	44.96572	13.70412	29.25862
1859.00000	47.45854	13.01443	24.21266
1860.00000	40.16597	11.50506	28.33596
1861.00000	45.59824	12.74996	27.39430
1862.00000	46.37956	12.36259	32.66456
1863.00000	46.82605	12.66569	37.42055
1864.00000	47.79342	11.67406	30.64667
1865.00000	51.06760	12.60201	37.25800
1866.00000	50.54673	12.78479	25.74354
1867.00000	44.14716	12.86892	27.86508
1868.00000	49.09567	12.30660	44.81927
1869.00000	47.94226	15.05383	39.60950
1870.00000	48.68641	12.24588	36.34333
1871.00000	45.67265	14.51533	32.71672
1872.00000	44.18436	12.46077	41.12904
1873.00000	45.59823	13.55951	29.55977
1874.00000	49.09565	12.43636	33.76784
1875.00000	46.56562	13.06319	38.17107
1876.00000	57.83677	12.25876	32.05120
1877.00000	48.23988	10.19071	30.77716
1878.00000	43.66347	14.42987	32.16286
1879.00000	49.72817	10.51205	29.92237
1880.00000	49.61657	12.05395	43.04758
1881.00000	51.25366	13.83269	37.28050
1882.00000	45.82147	14.14767	19.00284
1883.00000	54.56195	10.15717	1.88987
1884.00000	35.03135	12.79281	24.45078
1885.00000	50.10013	8.70380	3.39859
1886.00000	38.00793	10.88397	32.28419
1887.00000	52.89069	13.05527	41.16484
1888.00000	43.21698	14.33586	35.20109
1889.00000	49.50494	12.89207	30.40615
1890.00000	43.32859	15.49482	33.10961
1891.00000	44.10996	15.05269	25.13281
1892.00000	46.23073	13.41084	34.32417
1893.00000	50.58393	12.53211	20.15802
1894.00000	45.52383	12.98399	22.96508
1895.00000	41.02176	12.59546	21.68141
1896.00000	47.04917	11.26676	33.63169
1897.00000	45.52377	14.57765	19.28518
1898.00000	43.40302	14.40665	19.45154
1899.00000	44.37036	11.13710	30.76448
1900.00000	41.69149	13.50482	40.50200
1901.00000	47.86784	13.12345	26.70932
1902.00000	41.95194	13.56001	37.85771
1903.00000	46.37958	15.11618	39.54271
1904.00000	60.44021	12.82723	18.14664
1905.00000	42.32393	13.09926	21.80023
1906.00000	41.72870	11.46021	34.70253
1907.00000	49.80261	13.00264	40.47336
1908.00000	46.45400	13.36361	38.53255
1909.00000	44.07273	14.82407	32.92211
1910.00000	58.76676	13.65244	27.57714
1911.00000	57.46444	13.12025	19.04484
1912.00000	58.35644	11.62789	33.28281
1913.00000	48.09109	13.71624	31.08055
1914.00000	44.63086	13.32065	26.33312
1915.00000	45.11453	13.24466	42.12943
1916.00000	42.84491	15.95270	39.38367
1917.00000	51.84894	13.83709	28.29919
1918.00000	47.45858	13.17044	27.95281
1919.00000	46.78880	11.64588	19.08357
1920.00000	35.62666	10.82001	30.54784
1921.00000	52.40702	11.91297	46.83654
1922.00000	45.37500	15.47724	43.54174
1923.00000	48.50037	14.61737	26.34409
1924.00000	42.13797	12.17432	22.12995
1925.00000	41.84031	13.74490	21.44901
1926.00000	43.73788	13.87939	36.00578
1927.00000	50.39791	12.02100	38.23391
1928.00000	47.83062	13.13009	21.24841
1929.00000	43.77508	12.11662	39.77878
1930.00000	48.57478	13.49443	28.46161
1931.00000	49.02125	11.38220	37.87200
1932.00000	46.52842	14.30151	32.01307
1933.00000	44.85410	11.02333	36.63727
1934.00000	51.10481	12.96168	12.27617
1935.00000	55.41885	10.64244	35.50471
1936.00000	48.31430	12.34136	41.50940
1937.00000	49.95142	14.02880	32.39786
1938.00000	47.38414	13.08493	29.17664
1939.00000	48.98402	13.15841	36.84372
1940.00000	44.96572	13.79966	38.91930
1941.00000	46.26796	12.22738	41.24169
1942.00000	50.47222	13.42748	31.69620
1943.00000	43.92392	13.22027	26.04661
1944.00000	46.49121	13.67998	25.79531
1945.00000	39.94273	12.48805	26.39096
1946.00000	42.62165	13.25093	31.97276
1947.00000	46.37954	11.25604	31.45961
1948.00000	46.67723	14.21703	21.50721
1949.00000	45.74706	9.87833	30.15818
1950.00000	48.05385	12.65268	23.04513
1951.00000	40.68688	11.19468	31.44586
1952.00000	42.51005	13.69938	36.30247
1953.00000	49.54215	13.59022	34.37581
1954.00000	50.43509	13.22455	24.99281
1955.00000	50.06303	12.40281	20.83911
1956.00000	45.37497	14.23047	40.60070
1957.00000	47.08646	14.12975	30.41948
1958.00000	44.70527	11.33955	1.67979
1959.00000	38.19398	11.29639	27.87268
1960.00000	48.64921	12.61417	33.09964
1961.00000	48.35154	14.69862	24.84276
1962.00000	45.59820	12.41302	36.57018
1963.00000	46.71445	12.97074	18.73745
1964.00000	45.37492	13.49733	37.38044
1965.00000	47.79344	11.98081	36.43247
1966.00000	49.13283	12.87386	31.71682
1967.00000	44.14715	14.11098	38.12844
1968.00000	52.63030	14.21236	27.56435
1969.00000	45.85864	10.51427	30.64925
1970.00000	46.93767	12.46871	17.95211
1971.00000	53.70679	11.99995	40.47427
1972.00000	45.85866	13.78733	38.54047
1973.00000	44.51923	12.53504	26.59331
1974.00000	49.72817	13.36506	34.50370
1975.00000	44.92851	15.01756	26.54107
1976.00000	45.78427	12.19415	12.79779
1977.00000	39.79391	12.41409	34.43487
1978.00000	46.19355	14.44166	30.29354
1979.00000	44.74248	13.75006	18.78966
1980.00000	41.72868	13.54203	33.61333
1981.00000	49.46772	11.78563	33.64305
1982.00000	49.46771	12.40751	27.61812
1983.00000	49.05845	11.88226	31.51042
1984.00000	45.82146	15.02837	35.36260
1985.00000	49.95140	12.16096	16.85034
1986.00000	38.45444	11.10299	21.27987
1987.00000	42.88212	12.63830	24.58474
1988.00000	46.19355	12.79925	29.18773
1989.00000	61.03662	12.84486	29.86755
1990.00000	47.45853	11.77449	37.23471
1991.00000	46.82606	13.63330	39.77411
1992.00000	47.71903	14.35155	35.48450
1993.00000	45.30058	13.55378	38.28648
1994.00000	45.07734	14.02739	28.05253
1995.00000	43.36580	14.19892	37.26185
1996.00000	50.32346	13.37662	31.33560
1997.00000	42.65886	15.09936	30.24419
1998.00000	41.13338	16.58079	25.30862
1999.00000	45.59824	13.02503	33.35807
2000.00000	55.56769	12.22409	32.59656
2001.00000	48.79801	13.95046	32.28599
2002.00000	43.58906	13.47481	20.28656
2003.00000	44.66805	14.98523	33.85800
2004.00000	49.72820	14.35888	27.18310
2005.00000	45.52382	14.86671	26.59292
2006.00000	45.78426	10.74930	36.34245
2007.00000	50.73273	12.65495	34.93753
2008.00000	43.73788	13.87215	42.67656
2009.00000	49.50495	12.78694	35.88242
2010.00000	47.08651	11.96980	37.13846
2011.00000	45.11455	13.27775	25.07802
2012.00000	42.13790	12.12240	33.98542
