Year		Latitude	Strength	NAO_index
1861.00000	40.46365	8.01019	38.63839
1862.00000	43.25420	7.67941	43.21237
1863.00000	54.41620	10.28783	54.10154
1864.00000	54.41620	9.55746	53.36812
1865.00000	46.04473	8.34065	43.17310
1866.00000	51.62573	9.22375	52.12396
1867.00000	46.04473	9.03987	44.36620
1868.00000	54.41620	10.30889	54.01357
1869.00000	46.04473	12.78660	54.79852
1870.00000	40.46365	5.44216	34.33969
1871.00000	46.04473	7.54651	39.81576
1872.00000	46.04473	10.42581	53.77523
1873.00000	46.04473	10.68189	50.74969
1874.00000	57.20663	10.98100	55.62328
1875.00000	46.04473	9.50472	44.58422
1876.00000	46.04473	6.29007	44.54326
1877.00000	46.04473	10.32189	46.37102
1878.00000	54.41620	9.07919	47.91089
1879.00000	43.25420	9.16968	36.52602
1880.00000	57.20663	7.41331	46.50398
1881.00000	37.67309	6.96323	28.08479
1882.00000	54.41620	10.00978	55.57190
1883.00000	46.04473	11.59022	51.29956
1884.00000	54.41620	8.95196	51.54555
1885.00000	46.04473	9.64098	43.45716
1886.00000	54.41620	8.50142	45.40937
1887.00000	51.62573	8.24332	49.09734
1888.00000	57.20663	5.11448	33.54812
1889.00000	57.20663	9.84919	53.29281
1890.00000	48.83524	9.37171	54.38268
1891.00000	57.20663	7.40244	45.98385
1892.00000	51.62573	7.79827	47.17896
1893.00000	46.04473	7.57649	39.01815
1894.00000	51.62573	11.33607	58.81190
1895.00000	34.88252	4.05281	30.60867
1896.00000	54.41620	7.88103	45.67495
1897.00000	46.04473	9.10409	48.26703
1898.00000	54.41620	10.60948	54.78578
1899.00000	46.04473	10.03259	44.60523
1900.00000	46.04473	6.92710	41.91599
1901.00000	43.25420	6.21825	41.37865
1902.00000	40.46365	5.05725	39.69680
1903.00000	46.04473	9.13812	56.07914
1904.00000	46.04473	11.89101	54.97362
1905.00000	54.41620	9.49726	50.12135
1906.00000	57.20663	10.75818	56.48625
1907.00000	57.20663	11.89646	55.92896
1908.00000	51.62573	9.74014	55.31276
1909.00000	51.62573	8.95989	52.10076
1910.00000	46.04473	11.74681	56.85630
1911.00000	57.20663	7.92720	50.05000
1912.00000	43.25420	11.48322	41.53005
1913.00000	46.04473	11.51260	54.51760
1914.00000	48.83524	8.65344	51.30143
1915.00000	46.04473	13.80572	54.02260
1916.00000	48.83524	11.71249	54.59714
1917.00000	51.62573	5.09473	37.78435
1918.00000	48.83524	5.88609	38.64052
1919.00000	43.25420	10.70619	36.11615
1920.00000	48.83524	12.74752	62.20409
1921.00000	48.83524	7.54242	46.41315
1922.00000	48.83524	11.88631	59.68245
1923.00000	48.83524	11.69548	55.66953
1924.00000	54.41620	7.64895	47.84437
1925.00000	48.83524	12.69016	61.67602
1926.00000	46.04473	10.93121	43.64232
1927.00000	54.41620	9.62313	51.38133
1928.00000	46.04473	11.63315	52.86937
1929.00000	46.04473	6.44298	38.05352
1930.00000	46.04473	12.01702	55.45188
1931.00000	51.62573	10.69636	54.10010
1932.00000	59.99702	4.97525	39.34865
1933.00000	59.99702	6.13611	47.82333
1934.00000	59.99702	9.16430	51.94281
1935.00000	46.04473	9.84483	51.74966
1936.00000	43.25420	9.74878	31.99318
1937.00000	48.83524	11.15962	54.78250
1938.00000	51.62573	7.87618	46.99880
1939.00000	46.04473	10.14316	49.87258
1940.00000	40.46365	8.28344	34.25951
1941.00000	43.25420	8.17447	38.51464
1942.00000	57.20663	7.89541	43.89904
1943.00000	51.62573	11.20081	55.13747
1944.00000	57.20663	9.76942	52.46576
1945.00000	54.41620	10.29432	51.17745
1946.00000	48.83524	8.33724	46.67633
1947.00000	43.25420	8.56333	39.18237
1948.00000	46.04473	8.08388	44.14151
1949.00000	57.20663	10.72469	56.41003
1950.00000	48.83524	11.11983	53.12596
1951.00000	48.83524	10.08582	50.47732
1952.00000	57.20663	10.50589	54.24557
1953.00000	57.20663	8.10711	45.33268
1954.00000	57.20663	9.08060	54.49654
1955.00000	43.25420	7.28801	41.14266
1956.00000	51.62573	5.70954	39.04740
1957.00000	46.04473	10.95073	53.22164
1958.00000	51.62573	7.64391	44.24914
1959.00000	46.04473	7.10190	42.58422
1960.00000	40.46365	9.01872	39.86727
1961.00000	48.83524	12.44518	56.79440
1962.00000	46.04473	7.08710	46.08633
1963.00000	37.67309	5.07108	28.76661
1964.00000	37.67309	6.59235	34.61622
1965.00000	57.20663	5.56589	36.90906
1966.00000	43.25420	12.46691	34.47724
1967.00000	51.62573	9.56209	50.25919
1968.00000	57.20663	6.36938	41.46211
1969.00000	34.88252	4.21036	28.63654
1970.00000	46.04473	7.81337	45.57021
1971.00000	46.04473	5.91254	43.67339
1972.00000	48.83524	8.39382	50.88794
1973.00000	54.41620	10.76716	58.34570
1974.00000	48.83524	10.92120	56.71227
1975.00000	54.41620	10.23878	53.88880
1976.00000	57.20663	11.25618	51.77609
1977.00000	46.04473	9.36590	35.25930
1978.00000	46.04473	7.50967	41.00234
1979.00000	43.25420	8.81319	33.30479
1980.00000	48.83524	9.37529	47.56302
1981.00000	54.41620	12.41178	55.24805
1982.00000	46.04473	10.31749	44.24380
1983.00000	57.20663	10.92952	56.02635
1984.00000	51.62573	11.05510	58.99482
1985.00000	43.25420	7.18094	39.81706
1986.00000	46.04473	10.01833	41.42958
1987.00000	43.25420	7.33556	42.62318
1988.00000	46.04473	8.96769	45.52716
1989.00000	54.41620	13.28432	64.39542
1990.00000	46.04473	12.90952	57.73057
1991.00000	54.41620	9.34123	53.93151
1992.00000	57.20663	10.85782	51.91625
1993.00000	57.20663	12.14865	57.02935
1994.00000	48.83524	14.02227	54.98789
1995.00000	48.83524	14.03292	61.03820
1996.00000	43.25420	6.37682	38.30878
1997.00000	46.04473	6.50564	43.58060
1998.00000	51.62573	7.66261	46.77781
1999.00000	54.41620	12.49050	60.27529
2000.00000	54.41620	12.71336	60.34211
2001.00000	43.25420	9.55499	41.34992
2002.00000	51.62573	8.17898	45.87578
2003.00000	46.04473	9.05674	47.33982
2004.00000	57.20663	6.06625	41.95247
2005.00000	57.20663	11.80827	54.39062
2006.00000	54.41620	6.51430	46.49932
2007.00000	48.83524	11.26518	52.55255
2008.00000	51.62573	10.55103	54.22128
2009.00000	54.41620	8.16006	49.79305
2010.00000	34.88252	8.61781	24.82844
2011.00000	37.67309	4.86618	39.23083
2012.00000	54.41620	13.04629	60.81128
2013.00000	46.04473	9.69801	47.34740
2014.00000	46.04473	15.09888	61.19724
